%  SAM: /scicomp/groups-pure/sars2seq/prod/label/LABEL_RES/scripts/modelfromalign_Linux v3.5 (July 15, 2005) compiled 12/08/06_16:15:55
%  (c) 1992-2001 Regents of the University of California, Santa Cruz
%
%          Sequence Alignment and Modeling Software System
%         http://www.cse.ucsc.edu/research/compbio/sam.html
%
% ----------------- Citations (SAM, SAM-T2K, HMMs) --------------------
% R. Hughey, A. Krogh, Hidden Markov models for sequence analysis:
%  Extension and analysis of the basic method, CABIOS 12:95-107, 1996.
% K. Karplus, et al., What is the value added by human intervention in protein
%  structure prediction, Proteins: Stucture, Function, Genetics 45(S5):86--91, 2001.
% A. Krogh et al., Hidden Markov models in computational biology:
%  Applications to protein modeling, JMB 235:1501-1531, Feb 1994.
% ---------------------------------------------------------------------
%  AD_hmm   Host: rosalind01.hpc.biotech.cdc.gov    Wed Jul 31 09:56:29 2024
%  ukc8     Dir:  /scicomp/home-pure/ukc8
% ---------------------------------------------------------------------
%  Alignment weights from internal calc.  Total (52.87) Max (0.11) Min (0.01)
%  Weights from alignment method 1 (karplus), b=-1.000000, e=0.500000
MODEL --  Model from alignment file FINAL-2808-BEST-SEQs-AD-ALIGNED.fasta
alphabet DNA
FREQAVE
0.000000 0.000000 0.000000 
0.000000 0.000000 0.000000 
0.000000 0.000000 0.000000 
0.388935 0.156740 0.177701 0.276625 
0.388935 0.156740 0.177701 0.276625 
Begin
0.000000 0.000000 0.000000 
0.000000 0.000000 0.000000 
0.000000 0.003860 0.491768 
0.250000 0.250000 0.250000 0.250000 
0.250000 0.250000 0.250000 0.250000 
   1
0.000000 0.717363 0.046210 
0.000000 0.278778 0.462022 
0.004251 0.013479 0.491768 
0.840059 0.053314 0.053314 0.053314 
0.250000 0.250000 0.250000 0.250000 
   2
0.955232 0.012921 0.046210 
0.040518 0.973600 0.462022 
0.004277 0.013256 0.491768 
0.049789 0.049789 0.850633 0.049789 
0.250000 0.250000 0.250000 0.250000 
   3
0.953631 0.012707 0.046210 
0.042092 0.974037 0.462022 
0.004310 0.012996 0.491768 
0.046102 0.849068 0.046102 0.058729 
0.250000 0.250000 0.250000 0.250000 
   4
0.927544 0.012458 0.046210 
0.068146 0.974546 0.462022 
0.004459 0.011973 0.491768 
0.038770 0.034857 0.891516 0.034857 
0.250000 0.250000 0.250000 0.250000 
   5
0.958035 0.012832 0.046210 
0.037506 0.975195 0.462022 
0.004463 0.011947 0.491768 
0.038508 0.892248 0.034622 0.034622 
0.250000 0.250000 0.250000 0.250000 
   6
0.954765 0.011451 0.046210 
0.040771 0.976602 0.462022 
0.004485 0.011818 0.491768 
0.893570 0.033498 0.033498 0.039434 
0.250000 0.250000 0.250000 0.250000 
   7
0.958152 0.011328 0.046210 
0.037363 0.976854 0.462022 
0.004490 0.011786 0.491768 
0.899893 0.033369 0.033369 0.033369 
0.250000 0.250000 0.250000 0.250000 
   8
0.957900 0.011298 0.046210 
0.037610 0.976916 0.462022 
0.004497 0.011749 0.491768 
0.901249 0.032917 0.032917 0.032917 
0.250000 0.250000 0.250000 0.250000 
   9
0.957037 0.011262 0.046210 
0.038467 0.976989 0.462022 
0.004507 0.011692 0.491768 
0.896546 0.032442 0.038571 0.032442 
0.250000 0.250000 0.250000 0.250000 
  10
0.956002 0.011207 0.046210 
0.039491 0.977101 0.462022 
0.004521 0.011611 0.491768 
0.904634 0.031789 0.031789 0.031789 
0.250000 0.250000 0.250000 0.250000 
  11
0.954417 0.011130 0.046210 
0.041062 0.977259 0.462022 
0.004542 0.011495 0.491768 
0.896859 0.035459 0.036596 0.031087 
0.250000 0.250000 0.250000 0.250000 
  12
0.949505 0.012840 0.046210 
0.045953 0.975665 0.462022 
0.004581 0.011289 0.491768 
0.029448 0.036844 0.041489 0.892219 
0.250000 0.250000 0.250000 0.250000 
  13
0.935316 0.010821 0.046210 
0.060103 0.977889 0.462022 
0.004689 0.010767 0.491768 
0.030469 0.907491 0.030772 0.031268 
0.250000 0.250000 0.250000 0.250000 
  14
0.951412 0.012306 0.046210 
0.043898 0.976927 0.462022 
0.004713 0.010662 0.491768 
0.030090 0.030575 0.914026 0.025309 
0.250000 0.250000 0.250000 0.250000 
  15
0.946156 0.010220 0.046210 
0.049130 0.979118 0.462022 
0.004766 0.010439 0.491768 
0.023954 0.928138 0.023954 0.023954 
0.250000 0.250000 0.250000 0.250000 
  16
0.940663 0.011860 0.046210 
0.054571 0.977701 0.462022 
0.004840 0.010153 0.491768 
0.022413 0.026385 0.022413 0.928789 
0.250000 0.250000 0.250000 0.250000 
  17
0.939808 0.009732 0.046210 
0.055352 0.980115 0.462022 
0.004920 0.009866 0.491768 
0.933123 0.021049 0.024779 0.021049 
0.250000 0.250000 0.250000 0.250000 
  18
0.923131 0.009968 0.046210 
0.071949 0.980167 0.462022 
0.005083 0.009356 0.491768 
0.018679 0.018679 0.943962 0.018679 
0.250000 0.250000 0.250000 0.250000 
  19
0.947875 0.008969 0.046210 
0.047042 0.981675 0.462022 
0.005114 0.009269 0.491768 
0.914890 0.018392 0.018392 0.048327 
0.250000 0.250000 0.250000 0.250000 
  20
0.923614 0.008884 0.046210 
0.071273 0.981847 0.462022 
0.005272 0.008859 0.491768 
0.941979 0.022932 0.016689 0.018400 
0.250000 0.250000 0.250000 0.250000 
  21
0.949850 0.009967 0.046210 
0.044878 0.981174 0.462022 
0.005279 0.008842 0.491768 
0.018329 0.016625 0.948420 0.016625 
0.250000 0.250000 0.250000 0.250000 
  22
0.937146 0.008476 0.046210 
0.057575 0.982682 0.462022 
0.005360 0.008657 0.491768 
0.950278 0.015945 0.017833 0.015945 
0.250000 0.250000 0.250000 0.250000 
  23
0.949180 0.008299 0.046210 
0.045460 0.983044 0.462022 
0.005372 0.008631 0.491768 
0.952454 0.015849 0.015849 0.015849 
0.250000 0.250000 0.250000 0.250000 
  24
0.948176 0.008273 0.046210 
0.046453 0.983096 0.462022 
0.005389 0.008594 0.491768 
0.951239 0.017328 0.015717 0.015717 
0.250000 0.250000 0.250000 0.250000 
  25
0.948950 0.009194 0.046210 
0.045661 0.982212 0.462022 
0.005397 0.008576 0.491768 
0.015655 0.015655 0.951684 0.017007 
0.250000 0.250000 0.250000 0.250000 
  26
0.892684 0.008221 0.046210 
0.101919 0.983203 0.462022 
0.005732 0.007950 0.491768 
0.013577 0.013577 0.013577 0.959268 
0.250000 0.250000 0.250000 0.250000 
  27
0.946729 0.007620 0.046210 
0.047539 0.984430 0.462022 
0.005739 0.007937 0.491768 
0.014614 0.013539 0.013539 0.958308 
0.250000 0.250000 0.250000 0.250000 
  28
0.925850 0.007608 0.046210 
0.068410 0.984454 0.462022 
0.005869 0.007736 0.491768 
0.012929 0.961213 0.012929 0.012929 
0.250000 0.250000 0.250000 0.250000 
  29
0.946132 0.007416 0.046210 
0.047998 0.984848 0.462022 
0.005873 0.007730 0.491768 
0.012911 0.012911 0.939204 0.034973 
0.250000 0.250000 0.250000 0.250000 
  30
0.737465 0.008119 0.046210 
0.256662 0.984151 0.462022 
0.007422 0.006269 0.491768 
0.020330 0.961412 0.009129 0.009129 
0.250000 0.250000 0.250000 0.250000 
  31
0.929895 0.006009 0.046210 
0.062683 0.987722 0.462022 
0.007443 0.006256 0.491768 
0.009101 0.009101 0.009101 0.972698 
0.250000 0.250000 0.250000 0.250000 
  32
0.927070 0.005997 0.046210 
0.065487 0.987747 0.462022 
0.007484 0.006232 0.491768 
0.970340 0.011568 0.009046 0.009046 
0.250000 0.250000 0.250000 0.250000 
  33
0.909458 0.005974 0.046210 
0.083058 0.987795 0.462022 
0.007658 0.006133 0.491768 
0.972763 0.009583 0.008827 0.008827 
0.250000 0.250000 0.250000 0.250000 
  34
0.929858 0.006953 0.046210 
0.062483 0.986913 0.462022 
0.007652 0.006137 0.491768 
0.972310 0.008857 0.009977 0.008857 
0.250000 0.250000 0.250000 0.250000 
  35
0.910949 0.005882 0.046210 
0.081399 0.987981 0.462022 
0.007806 0.006056 0.491768 
0.009501 0.008657 0.966605 0.015237 
0.250000 0.250000 0.250000 0.250000 
  36
0.911795 0.005805 0.046210 
0.080399 0.988140 0.462022 
0.007945 0.005987 0.491768 
0.008517 0.009487 0.973479 0.008517 
0.250000 0.250000 0.250000 0.250000 
  37
0.893978 0.005739 0.046210 
0.098077 0.988275 0.462022 
0.008225 0.005859 0.491768 
0.975289 0.008237 0.008237 0.008237 
0.250000 0.250000 0.250000 0.250000 
  38
0.920774 0.005616 0.046210 
0.071002 0.988525 0.462022 
0.008263 0.005843 0.491768 
0.975394 0.008202 0.008202 0.008202 
0.250000 0.250000 0.250000 0.250000 
  39
0.914612 0.005600 0.046210 
0.077125 0.988557 0.462022 
0.008351 0.005806 0.491768 
0.974055 0.009677 0.008134 0.008134 
0.250000 0.250000 0.250000 0.250000 
  40
0.922011 0.005565 0.046210 
0.069638 0.988629 0.462022 
0.008371 0.005798 0.491768 
0.975673 0.008109 0.008109 0.008109 
0.250000 0.250000 0.250000 0.250000 
  41
0.923237 0.005558 0.046210 
0.068392 0.988644 0.462022 
0.008378 0.005795 0.491768 
0.975692 0.008103 0.008103 0.008103 
0.250000 0.250000 0.250000 0.250000 
  42
0.921949 0.005555 0.046210 
0.069672 0.988650 0.462022 
0.008396 0.005788 0.491768 
0.975721 0.008093 0.008093 0.008093 
0.250000 0.250000 0.250000 0.250000 
  43
0.896614 0.005548 0.046210 
0.094990 0.988665 0.462022 
0.008632 0.005697 0.491768 
0.972461 0.011739 0.007900 0.007900 
0.250000 0.250000 0.250000 0.250000 
  44
0.889486 0.005461 0.046210 
0.101883 0.988843 0.462022 
0.008920 0.005595 0.491768 
0.007694 0.013354 0.007694 0.971257 
0.250000 0.250000 0.250000 0.250000 
  45
0.846614 0.005364 0.046210 
0.144466 0.989041 0.462022 
0.009618 0.005387 0.491768 
0.007283 0.977062 0.007918 0.007737 
0.250000 0.250000 0.250000 0.250000 
  46
0.887119 0.005164 0.046210 
0.103263 0.989449 0.462022 
0.009872 0.005322 0.491768 
0.007157 0.977905 0.007782 0.007157 
0.250000 0.250000 0.250000 0.250000 
  47
0.889996 0.005102 0.046210 
0.100132 0.989576 0.462022 
0.010079 0.005273 0.491768 
0.007603 0.978273 0.007062 0.007062 
0.250000 0.250000 0.250000 0.250000 
  48
0.853085 0.005054 0.046210 
0.136837 0.989673 0.462022 
0.010672 0.005146 0.491768 
0.007341 0.979015 0.006822 0.006822 
0.250000 0.250000 0.250000 0.250000 
  49
0.878814 0.004932 0.046210 
0.110514 0.989922 0.462022 
0.010940 0.005095 0.491768 
0.006734 0.006734 0.978161 0.008371 
0.250000 0.250000 0.250000 0.250000 
  50
0.885638 0.004883 0.046210 
0.103423 0.990022 0.462022 
0.011109 0.005064 0.491768 
0.979481 0.007178 0.006671 0.006671 
0.250000 0.250000 0.250000 0.250000 
  51
0.865290 0.004854 0.046210 
0.123601 0.990082 0.462022 
0.011501 0.004998 0.491768 
0.980351 0.006550 0.006550 0.006550 
0.250000 0.250000 0.250000 0.250000 
  52
0.838692 0.004791 0.046210 
0.149808 0.990211 0.462022 
0.012197 0.004895 0.491768 
0.980301 0.006973 0.006363 0.006363 
0.250000 0.250000 0.250000 0.250000 
  53
0.785972 0.004692 0.046210 
0.201831 0.990413 0.462022 
0.013605 0.004728 0.491768 
0.006067 0.006067 0.006067 0.981799 
0.250000 0.250000 0.250000 0.250000 
  54
0.808580 0.004532 0.046210 
0.177814 0.990739 0.462022 
0.014600 0.004635 0.491768 
0.982278 0.005907 0.005907 0.005907 
0.250000 0.250000 0.250000 0.250000 
  55
0.831632 0.004443 0.046210 
0.153768 0.990922 0.462022 
0.015146 0.004591 0.491768 
0.981932 0.006407 0.005830 0.005830 
0.250000 0.250000 0.250000 0.250000 
  56
0.529929 0.004400 0.046210 
0.454925 0.991009 0.462022 
0.022702 0.004229 0.491768 
0.005603 0.983949 0.005224 0.005224 
0.250000 0.250000 0.250000 0.250000 
  57
0.763276 0.004053 0.046210 
0.214023 0.991718 0.462022 
0.023428 0.004208 0.491768 
0.983645 0.005191 0.005191 0.005974 
0.250000 0.250000 0.250000 0.250000 
  58
0.769739 0.004034 0.046210 
0.206833 0.991759 0.462022 
0.023857 0.004196 0.491768 
0.982151 0.007498 0.005175 0.005175 
0.250000 0.250000 0.250000 0.250000 
  59
0.773557 0.004022 0.046210 
0.202586 0.991781 0.462022 
0.024104 0.004190 0.491768 
0.005162 0.005162 0.008708 0.980969 
0.250000 0.250000 0.250000 0.250000 
  60
0.761096 0.004016 0.046210 
0.214799 0.991794 0.462022 
0.024608 0.004177 0.491768 
0.005141 0.005141 0.008874 0.980843 
0.250000 0.250000 0.250000 0.250000 
  61
0.777010 0.004004 0.046210 
0.198382 0.991818 0.462022 
0.024608 0.004177 0.491768 
0.005143 0.005143 0.007106 0.982607 
0.250000 0.250000 0.250000 0.250000 
  62
0.622002 0.004004 0.046210 
0.353389 0.991818 0.462022 
0.029122 0.004086 0.491768 
0.008303 0.981706 0.004995 0.004995 
0.250000 0.250000 0.250000 0.250000 
  63
0.730606 0.003917 0.046210 
0.240272 0.991997 0.462022 
0.029283 0.004083 0.491768 
0.983411 0.006121 0.005477 0.004991 
0.250000 0.250000 0.250000 0.250000 
  64
0.734645 0.003914 0.046210 
0.236071 0.992002 0.462022 
0.029283 0.004083 0.491768 
0.004991 0.004991 0.007626 0.982392 
0.250000 0.250000 0.250000 0.250000 
  65
0.725278 0.003914 0.046210 
0.245438 0.992002 0.462022 
0.029560 0.004079 0.491768 
0.970251 0.019776 0.004987 0.004987 
0.250000 0.250000 0.250000 0.250000 
  66
0.721788 0.004134 0.046210 
0.248651 0.991787 0.462022 
0.029812 0.004075 0.491768 
0.980341 0.009704 0.004977 0.004977 
0.250000 0.250000 0.250000 0.250000 
  67
0.684618 0.003906 0.046210 
0.285570 0.992019 0.462022 
0.031224 0.004054 0.491768 
0.006077 0.983529 0.004944 0.005450 
0.250000 0.250000 0.250000 0.250000 
  68
0.704824 0.003886 0.046210 
0.263951 0.992061 0.462022 
0.031611 0.004048 0.491768 
0.004937 0.004937 0.006238 0.983888 
0.250000 0.250000 0.250000 0.250000 
  69
0.708062 0.003880 0.046210 
0.260327 0.992071 0.462022 
0.031786 0.004046 0.491768 
0.965791 0.024341 0.004934 0.004934 
0.250000 0.250000 0.250000 0.250000 
  70
0.706259 0.003878 0.046210 
0.261956 0.992076 0.462022 
0.031968 0.004043 0.491768 
0.004929 0.004929 0.982951 0.007191 
0.250000 0.250000 0.250000 0.250000 
  71
0.348635 0.003876 0.046210 
0.619397 0.992081 0.462022 
0.050082 0.003892 0.491768 
0.004693 0.004693 0.983612 0.007002 
0.250000 0.250000 0.250000 0.250000 
  72
0.487282 0.003731 0.046210 
0.462636 0.992377 0.462022 
0.053216 0.003877 0.491768 
0.985628 0.005031 0.004671 0.004671 
0.250000 0.250000 0.250000 0.250000 
  73
0.485406 0.003716 0.046210 
0.461378 0.992407 0.462022 
0.054996 0.003869 0.491768 
0.006432 0.004656 0.978304 0.010608 
0.250000 0.250000 0.250000 0.250000 
  74
0.494054 0.003709 0.046210 
0.450950 0.992422 0.462022 
0.055417 0.003868 0.491768 
0.004653 0.004653 0.008011 0.982682 
0.250000 0.250000 0.250000 0.250000 
  75
0.497833 0.003707 0.046210 
0.446750 0.992425 0.462022 
0.055417 0.003868 0.491768 
0.004653 0.005468 0.007974 0.981905 
0.250000 0.250000 0.250000 0.250000 
  76
0.466788 0.003707 0.046210 
0.477795 0.992425 0.462022 
0.057193 0.003860 0.491768 
0.972374 0.008708 0.004642 0.014276 
0.250000 0.250000 0.250000 0.250000 
  77
0.481744 0.003700 0.046210 
0.461064 0.992439 0.462022 
0.057193 0.003860 0.491768 
0.986069 0.004644 0.004644 0.004644 
0.250000 0.250000 0.250000 0.250000 
  78
0.481744 0.003700 0.046210 
0.461064 0.992439 0.462022 
0.057193 0.003860 0.491768 
0.986073 0.004642 0.004642 0.004642 
0.250000 0.250000 0.250000 0.250000 
  79
0.481744 0.003700 0.046210 
0.461064 0.992439 0.462022 
0.057193 0.003860 0.491768 
0.004642 0.005278 0.004642 0.985437 
0.250000 0.250000 0.250000 0.250000 
  80
0.481744 0.003700 0.046210 
0.461064 0.992439 0.462022 
0.057193 0.003860 0.491768 
0.004962 0.004644 0.006098 0.984296 
0.250000 0.250000 0.250000 0.250000 
  81
0.481744 0.003700 0.046210 
0.461064 0.992439 0.462022 
0.057193 0.003860 0.491768 
0.005168 0.004648 0.008659 0.981525 
0.250000 0.250000 0.250000 0.250000 
  82
0.481744 0.003700 0.046210 
0.461064 0.992439 0.462022 
0.057193 0.003860 0.491768 
0.985408 0.005308 0.004642 0.004642 
0.250000 0.250000 0.250000 0.250000 
  83
0.481744 0.003700 0.046210 
0.461064 0.992439 0.462022 
0.057193 0.003860 0.491768 
0.984897 0.005810 0.004646 0.004646 
0.250000 0.250000 0.250000 0.250000 
  84
0.481744 0.003700 0.046210 
0.461064 0.992439 0.462022 
0.057193 0.003860 0.491768 
0.006193 0.004646 0.980927 0.008233 
0.250000 0.250000 0.250000 0.250000 
  85
0.481744 0.003700 0.046210 
0.461064 0.992439 0.462022 
0.057193 0.003860 0.491768 
0.005421 0.004645 0.006820 0.983113 
0.250000 0.250000 0.250000 0.250000 
  86
0.481744 0.003700 0.046210 
0.461064 0.992439 0.462022 
0.057193 0.003860 0.491768 
0.004642 0.004642 0.980925 0.009791 
0.250000 0.250000 0.250000 0.250000 
  87
0.481744 0.003700 0.046210 
0.461064 0.992439 0.462022 
0.057193 0.003860 0.491768 
0.004645 0.004645 0.971214 0.019497 
0.250000 0.250000 0.250000 0.250000 
  88
0.481744 0.003700 0.046210 
0.461064 0.992439 0.462022 
0.057193 0.003860 0.491768 
0.007442 0.004644 0.096479 0.891435 
0.250000 0.250000 0.250000 0.250000 
  89
0.481744 0.003700 0.046210 
0.461064 0.992439 0.462022 
0.057193 0.003860 0.491768 
0.004642 0.005671 0.005444 0.984243 
0.250000 0.250000 0.250000 0.250000 
  90
0.481744 0.003700 0.046210 
0.461064 0.992439 0.462022 
0.057193 0.003860 0.491768 
0.004642 0.006041 0.006765 0.982552 
0.250000 0.250000 0.250000 0.250000 
  91
0.481744 0.003700 0.046210 
0.461064 0.992439 0.462022 
0.057193 0.003860 0.491768 
0.012066 0.978649 0.004642 0.004642 
0.250000 0.250000 0.250000 0.250000 
  92
0.481744 0.003700 0.046210 
0.461064 0.992439 0.462022 
0.057193 0.003860 0.491768 
0.011480 0.978651 0.004642 0.005228 
0.250000 0.250000 0.250000 0.250000 
  93
0.481744 0.003700 0.046210 
0.461064 0.992439 0.462022 
0.057193 0.003860 0.491768 
0.004642 0.004642 0.005063 0.985652 
0.250000 0.250000 0.250000 0.250000 
  94
0.481744 0.003700 0.046210 
0.461064 0.992439 0.462022 
0.057193 0.003860 0.491768 
0.004642 0.004642 0.007948 0.982767 
0.250000 0.250000 0.250000 0.250000 
  95
0.481744 0.003700 0.046210 
0.461064 0.992439 0.462022 
0.057193 0.003860 0.491768 
0.965585 0.005418 0.004642 0.024356 
0.250000 0.250000 0.250000 0.250000 
  96
0.481744 0.003700 0.046210 
0.461064 0.992439 0.462022 
0.057193 0.003860 0.491768 
0.028234 0.962482 0.004642 0.004642 
0.250000 0.250000 0.250000 0.250000 
  97
0.481744 0.003700 0.046210 
0.461064 0.992439 0.462022 
0.057193 0.003860 0.491768 
0.985754 0.004958 0.004644 0.004644 
0.250000 0.250000 0.250000 0.250000 
  98
0.481744 0.003700 0.046210 
0.461064 0.992439 0.462022 
0.057193 0.003860 0.491768 
0.006643 0.984073 0.004642 0.004642 
0.250000 0.250000 0.250000 0.250000 
  99
0.481744 0.003700 0.046210 
0.461064 0.992439 0.462022 
0.057193 0.003860 0.491768 
0.986061 0.004646 0.004646 0.004646 
0.250000 0.250000 0.250000 0.250000 
 100
0.481744 0.003700 0.046210 
0.461064 0.992439 0.462022 
0.057193 0.003860 0.491768 
0.004642 0.004642 0.004642 0.986073 
0.250000 0.250000 0.250000 0.250000 
 101
0.481744 0.003700 0.046210 
0.461064 0.992439 0.462022 
0.057193 0.003860 0.491768 
0.004642 0.986073 0.004642 0.004642 
0.250000 0.250000 0.250000 0.250000 
 102
0.481744 0.003700 0.046210 
0.461064 0.992439 0.462022 
0.057193 0.003860 0.491768 
0.006174 0.984542 0.004642 0.004642 
0.250000 0.250000 0.250000 0.250000 
 103
0.481744 0.003700 0.046210 
0.461064 0.992439 0.462022 
0.057193 0.003860 0.491768 
0.020467 0.970249 0.004642 0.004642 
0.250000 0.250000 0.250000 0.250000 
 104
0.481744 0.003700 0.046210 
0.461064 0.992439 0.462022 
0.057193 0.003860 0.491768 
0.008943 0.004642 0.978717 0.007698 
0.250000 0.250000 0.250000 0.250000 
 105
0.481744 0.003700 0.046210 
0.461064 0.992439 0.462022 
0.057193 0.003860 0.491768 
0.984474 0.004642 0.004642 0.006242 
0.250000 0.250000 0.250000 0.250000 
 106
0.478040 0.003700 0.046210 
0.464767 0.992439 0.462022 
0.057405 0.003860 0.491768 
0.004641 0.986077 0.004641 0.004641 
0.250000 0.250000 0.250000 0.250000 
 107
0.479817 0.003700 0.046210 
0.462778 0.992441 0.462022 
0.057405 0.003860 0.491768 
0.004651 0.004651 0.984581 0.006118 
0.250000 0.250000 0.250000 0.250000 
 108
0.479817 0.003700 0.046210 
0.462778 0.992441 0.462022 
0.057405 0.003860 0.491768 
0.986077 0.004641 0.004641 0.004641 
0.250000 0.250000 0.250000 0.250000 
 109
0.479817 0.003700 0.046210 
0.462778 0.992441 0.462022 
0.057405 0.003860 0.491768 
0.984205 0.006007 0.005147 0.004641 
0.250000 0.250000 0.250000 0.250000 
 110
0.479817 0.003700 0.046210 
0.462778 0.992441 0.462022 
0.057405 0.003860 0.491768 
0.004641 0.004641 0.984588 0.006130 
0.250000 0.250000 0.250000 0.250000 
 111
0.479817 0.003700 0.046210 
0.462778 0.992441 0.462022 
0.057405 0.003860 0.491768 
0.004641 0.004641 0.005743 0.984975 
0.250000 0.250000 0.250000 0.250000 
 112
0.479817 0.003700 0.046210 
0.462778 0.992441 0.462022 
0.057405 0.003860 0.491768 
0.004641 0.004641 0.986077 0.004641 
0.250000 0.250000 0.250000 0.250000 
 113
0.479817 0.003700 0.046210 
0.462778 0.992441 0.462022 
0.057405 0.003860 0.491768 
0.985355 0.005363 0.004641 0.004641 
0.250000 0.250000 0.250000 0.250000 
 114
0.479817 0.003700 0.046210 
0.462778 0.992441 0.462022 
0.057405 0.003860 0.491768 
0.004641 0.004641 0.004641 0.986077 
0.250000 0.250000 0.250000 0.250000 
 115
0.479817 0.003700 0.046210 
0.462778 0.992441 0.462022 
0.057405 0.003860 0.491768 
0.004641 0.004641 0.004641 0.986077 
0.250000 0.250000 0.250000 0.250000 
 116
0.479817 0.003700 0.046210 
0.462778 0.992441 0.462022 
0.057405 0.003860 0.491768 
0.024209 0.966012 0.004641 0.005139 
0.250000 0.250000 0.250000 0.250000 
 117
0.479817 0.003700 0.046210 
0.462778 0.992441 0.462022 
0.057405 0.003860 0.491768 
0.980747 0.007596 0.004641 0.007017 
0.250000 0.250000 0.250000 0.250000 
 118
0.479817 0.003700 0.046210 
0.462778 0.992441 0.462022 
0.057405 0.003860 0.491768 
0.004641 0.986077 0.004641 0.004641 
0.250000 0.250000 0.250000 0.250000 
 119
0.479817 0.003700 0.046210 
0.462778 0.992441 0.462022 
0.057405 0.003860 0.491768 
0.004641 0.004641 0.130016 0.860702 
0.250000 0.250000 0.250000 0.250000 
 120
0.479817 0.003700 0.046210 
0.462778 0.992441 0.462022 
0.057405 0.003860 0.491768 
0.985467 0.005251 0.004641 0.004641 
0.250000 0.250000 0.250000 0.250000 
 121
0.479817 0.003700 0.046210 
0.462778 0.992441 0.462022 
0.057405 0.003860 0.491768 
0.004641 0.004641 0.004641 0.986077 
0.250000 0.250000 0.250000 0.250000 
 122
0.479817 0.003700 0.046210 
0.462778 0.992441 0.462022 
0.057405 0.003860 0.491768 
0.005361 0.985357 0.004641 0.004641 
0.250000 0.250000 0.250000 0.250000 
 123
0.479817 0.003700 0.046210 
0.462778 0.992441 0.462022 
0.057405 0.003860 0.491768 
0.986077 0.004641 0.004641 0.004641 
0.250000 0.250000 0.250000 0.250000 
 124
0.479817 0.003700 0.046210 
0.462778 0.992441 0.462022 
0.057405 0.003860 0.491768 
0.004641 0.004641 0.004641 0.986077 
0.250000 0.250000 0.250000 0.250000 
 125
0.479817 0.003700 0.046210 
0.462778 0.992441 0.462022 
0.057405 0.003860 0.491768 
0.986077 0.004641 0.004641 0.004641 
0.250000 0.250000 0.250000 0.250000 
 126
0.479817 0.003700 0.046210 
0.462778 0.992441 0.462022 
0.057405 0.003860 0.491768 
0.986077 0.004641 0.004641 0.004641 
0.250000 0.250000 0.250000 0.250000 
 127
0.479817 0.003700 0.046210 
0.462778 0.992441 0.462022 
0.057405 0.003860 0.491768 
0.981356 0.009362 0.004641 0.004641 
0.250000 0.250000 0.250000 0.250000 
 128
0.479817 0.003700 0.046210 
0.462778 0.992441 0.462022 
0.057405 0.003860 0.491768 
0.986077 0.004641 0.004641 0.004641 
0.250000 0.250000 0.250000 0.250000 
 129
0.479817 0.003700 0.046210 
0.462778 0.992441 0.462022 
0.057405 0.003860 0.491768 
0.005053 0.985665 0.004641 0.004641 
0.250000 0.250000 0.250000 0.250000 
 130
0.479817 0.003700 0.046210 
0.462778 0.992441 0.462022 
0.057405 0.003860 0.491768 
0.004641 0.004641 0.005558 0.985160 
0.250000 0.250000 0.250000 0.250000 
 131
0.479817 0.003700 0.046210 
0.462778 0.992441 0.462022 
0.057405 0.003860 0.491768 
0.004641 0.004641 0.005558 0.985160 
0.250000 0.250000 0.250000 0.250000 
 132
0.479817 0.003700 0.046210 
0.462778 0.992441 0.462022 
0.057405 0.003860 0.491768 
0.986077 0.004641 0.004641 0.004641 
0.250000 0.250000 0.250000 0.250000 
 133
0.479817 0.003700 0.046210 
0.462778 0.992441 0.462022 
0.057405 0.003860 0.491768 
0.004641 0.986077 0.004641 0.004641 
0.250000 0.250000 0.250000 0.250000 
 134
0.479817 0.003700 0.046210 
0.462778 0.992441 0.462022 
0.057405 0.003860 0.491768 
0.985584 0.005134 0.004641 0.004641 
0.250000 0.250000 0.250000 0.250000 
 135
0.479817 0.003700 0.046210 
0.462778 0.992441 0.462022 
0.057405 0.003860 0.491768 
0.004641 0.004641 0.011650 0.979069 
0.250000 0.250000 0.250000 0.250000 
 136
0.479817 0.003700 0.046210 
0.462778 0.992441 0.462022 
0.057405 0.003860 0.491768 
0.004641 0.004641 0.004641 0.986077 
0.250000 0.250000 0.250000 0.250000 
 137
0.479817 0.003700 0.046210 
0.462778 0.992441 0.462022 
0.057405 0.003860 0.491768 
0.007581 0.983137 0.004641 0.004641 
0.250000 0.250000 0.250000 0.250000 
 138
0.479817 0.003700 0.046210 
0.462778 0.992441 0.462022 
0.057405 0.003860 0.491768 
0.004641 0.004641 0.986077 0.004641 
0.250000 0.250000 0.250000 0.250000 
 139
0.479817 0.003700 0.046210 
0.462778 0.992441 0.462022 
0.057405 0.003860 0.491768 
0.985717 0.004641 0.004641 0.005001 
0.250000 0.250000 0.250000 0.250000 
 140
0.479817 0.003700 0.046210 
0.462778 0.992441 0.462022 
0.057405 0.003860 0.491768 
0.985659 0.005059 0.004641 0.004641 
0.250000 0.250000 0.250000 0.250000 
 141
0.479817 0.003700 0.046210 
0.462778 0.992441 0.462022 
0.057405 0.003860 0.491768 
0.986077 0.004641 0.004641 0.004641 
0.250000 0.250000 0.250000 0.250000 
 142
0.479817 0.003700 0.046210 
0.462778 0.992441 0.462022 
0.057405 0.003860 0.491768 
0.986077 0.004641 0.004641 0.004641 
0.250000 0.250000 0.250000 0.250000 
 143
0.479817 0.003700 0.046210 
0.462778 0.992441 0.462022 
0.057405 0.003860 0.491768 
0.004641 0.004641 0.005143 0.985575 
0.250000 0.250000 0.250000 0.250000 
 144
0.479817 0.003700 0.046210 
0.462778 0.992441 0.462022 
0.057405 0.003860 0.491768 
0.004641 0.004641 0.983795 0.006923 
0.250000 0.250000 0.250000 0.250000 
 145
0.479817 0.003700 0.046210 
0.462778 0.992441 0.462022 
0.057405 0.003860 0.491768 
0.004641 0.004641 0.004641 0.986077 
0.250000 0.250000 0.250000 0.250000 
 146
0.479817 0.003700 0.046210 
0.462778 0.992441 0.462022 
0.057405 0.003860 0.491768 
0.008619 0.980526 0.004641 0.006214 
0.250000 0.250000 0.250000 0.250000 
 147
0.479817 0.003700 0.046210 
0.462778 0.992441 0.462022 
0.057405 0.003860 0.491768 
0.004641 0.004641 0.005509 0.985209 
0.250000 0.250000 0.250000 0.250000 
 148
0.479817 0.003700 0.046210 
0.462778 0.992441 0.462022 
0.057405 0.003860 0.491768 
0.004641 0.004641 0.004641 0.986077 
0.250000 0.250000 0.250000 0.250000 
 149
0.479817 0.003700 0.046210 
0.462778 0.992441 0.462022 
0.057405 0.003860 0.491768 
0.005024 0.004641 0.005009 0.985325 
0.250000 0.250000 0.250000 0.250000 
 150
0.479817 0.003700 0.046210 
0.462778 0.992441 0.462022 
0.057405 0.003860 0.491768 
0.004977 0.985741 0.004641 0.004641 
0.250000 0.250000 0.250000 0.250000 
 151
0.479817 0.003700 0.046210 
0.462778 0.992441 0.462022 
0.057405 0.003860 0.491768 
0.986077 0.004641 0.004641 0.004641 
0.250000 0.250000 0.250000 0.250000 
 152
0.479817 0.003700 0.046210 
0.462778 0.992441 0.462022 
0.057405 0.003860 0.491768 
0.004641 0.004641 0.980035 0.010683 
0.250000 0.250000 0.250000 0.250000 
 153
0.479817 0.003700 0.046210 
0.462778 0.992441 0.462022 
0.057405 0.003860 0.491768 
0.986077 0.004641 0.004641 0.004641 
0.250000 0.250000 0.250000 0.250000 
 154
0.479817 0.003700 0.046210 
0.462778 0.992441 0.462022 
0.057405 0.003860 0.491768 
0.986077 0.004641 0.004641 0.004641 
0.250000 0.250000 0.250000 0.250000 
 155
0.479817 0.003700 0.046210 
0.462778 0.992441 0.462022 
0.057405 0.003860 0.491768 
0.004641 0.004641 0.005068 0.985650 
0.250000 0.250000 0.250000 0.250000 
 156
0.479817 0.003700 0.046210 
0.462778 0.992441 0.462022 
0.057405 0.003860 0.491768 
0.004641 0.986077 0.004641 0.004641 
0.250000 0.250000 0.250000 0.250000 
 157
0.479817 0.003700 0.046210 
0.462778 0.992441 0.462022 
0.057405 0.003860 0.491768 
0.986077 0.004641 0.004641 0.004641 
0.250000 0.250000 0.250000 0.250000 
 158
0.479817 0.003700 0.046210 
0.462778 0.992441 0.462022 
0.057405 0.003860 0.491768 
0.005766 0.004641 0.005095 0.984498 
0.250000 0.250000 0.250000 0.250000 
 159
0.479817 0.003700 0.046210 
0.462778 0.992441 0.462022 
0.057405 0.003860 0.491768 
0.004641 0.986077 0.004641 0.004641 
0.250000 0.250000 0.250000 0.250000 
 160
0.479817 0.003700 0.046210 
0.462778 0.992441 0.462022 
0.057405 0.003860 0.491768 
0.986077 0.004641 0.004641 0.004641 
0.250000 0.250000 0.250000 0.250000 
 161
0.479817 0.003700 0.046210 
0.462778 0.992441 0.462022 
0.057405 0.003860 0.491768 
0.986077 0.004641 0.004641 0.004641 
0.250000 0.250000 0.250000 0.250000 
 162
0.479817 0.003700 0.046210 
0.462778 0.992441 0.462022 
0.057405 0.003860 0.491768 
0.004641 0.986077 0.004641 0.004641 
0.250000 0.250000 0.250000 0.250000 
 163
0.479817 0.003700 0.046210 
0.462778 0.992441 0.462022 
0.057405 0.003860 0.491768 
0.004641 0.004641 0.004641 0.986077 
0.250000 0.250000 0.250000 0.250000 
 164
0.479817 0.003700 0.046210 
0.462778 0.992441 0.462022 
0.057405 0.003860 0.491768 
0.978749 0.008972 0.004641 0.007637 
0.250000 0.250000 0.250000 0.250000 
 165
0.479817 0.003700 0.046210 
0.462778 0.992441 0.462022 
0.057405 0.003860 0.491768 
0.004641 0.986077 0.004641 0.004641 
0.250000 0.250000 0.250000 0.250000 
 166
0.479817 0.003700 0.046210 
0.462778 0.992441 0.462022 
0.057405 0.003860 0.491768 
0.004641 0.004641 0.986077 0.004641 
0.250000 0.250000 0.250000 0.250000 
 167
0.479817 0.003700 0.046210 
0.462778 0.992441 0.462022 
0.057405 0.003860 0.491768 
0.984681 0.006037 0.004641 0.004641 
0.250000 0.250000 0.250000 0.250000 
 168
0.479817 0.003700 0.046210 
0.462778 0.992441 0.462022 
0.057405 0.003860 0.491768 
0.004641 0.004641 0.005558 0.985160 
0.250000 0.250000 0.250000 0.250000 
 169
0.479817 0.003700 0.046210 
0.462778 0.992441 0.462022 
0.057405 0.003860 0.491768 
0.004641 0.004641 0.004641 0.986077 
0.250000 0.250000 0.250000 0.250000 
 170
0.479817 0.003700 0.046210 
0.462778 0.992441 0.462022 
0.057405 0.003860 0.491768 
0.008831 0.981887 0.004641 0.004641 
0.250000 0.250000 0.250000 0.250000 
 171
0.479817 0.003700 0.046210 
0.462778 0.992441 0.462022 
0.057405 0.003860 0.491768 
0.004641 0.004641 0.009665 0.981053 
0.250000 0.250000 0.250000 0.250000 
 172
0.479817 0.003700 0.046210 
0.462778 0.992441 0.462022 
0.057405 0.003860 0.491768 
0.004641 0.004641 0.004641 0.986077 
0.250000 0.250000 0.250000 0.250000 
 173
0.479817 0.003700 0.046210 
0.462778 0.992441 0.462022 
0.057405 0.003860 0.491768 
0.984822 0.005896 0.004641 0.004641 
0.250000 0.250000 0.250000 0.250000 
 174
0.479817 0.003700 0.046210 
0.462778 0.992441 0.462022 
0.057405 0.003860 0.491768 
0.986072 0.004643 0.004643 0.004643 
0.250000 0.250000 0.250000 0.250000 
 175
0.479817 0.003700 0.046210 
0.462778 0.992441 0.462022 
0.057405 0.003860 0.491768 
0.986072 0.004643 0.004643 0.004643 
0.250000 0.250000 0.250000 0.250000 
 176
0.479817 0.003700 0.046210 
0.462778 0.992441 0.462022 
0.057405 0.003860 0.491768 
0.984276 0.006439 0.004643 0.004643 
0.250000 0.250000 0.250000 0.250000 
 177
0.479817 0.003700 0.046210 
0.462778 0.992441 0.462022 
0.057405 0.003860 0.491768 
0.984834 0.005154 0.004643 0.005369 
0.250000 0.250000 0.250000 0.250000 
 178
0.479817 0.003700 0.046210 
0.462778 0.992441 0.462022 
0.057405 0.003860 0.491768 
0.004643 0.004643 0.004643 0.986072 
0.250000 0.250000 0.250000 0.250000 
 179
0.479817 0.003700 0.046210 
0.462778 0.992441 0.462022 
0.057405 0.003860 0.491768 
0.983648 0.007066 0.004643 0.004643 
0.250000 0.250000 0.250000 0.250000 
 180
0.479817 0.003700 0.046210 
0.462778 0.992441 0.462022 
0.057405 0.003860 0.491768 
0.986072 0.004643 0.004643 0.004643 
0.250000 0.250000 0.250000 0.250000 
 181
0.479817 0.003700 0.046210 
0.462778 0.992441 0.462022 
0.057405 0.003860 0.491768 
0.004643 0.004643 0.985024 0.005691 
0.250000 0.250000 0.250000 0.250000 
 182
0.479817 0.003700 0.046210 
0.462778 0.992441 0.462022 
0.057405 0.003860 0.491768 
0.986072 0.004643 0.004643 0.004643 
0.250000 0.250000 0.250000 0.250000 
 183
0.479817 0.003700 0.046210 
0.462778 0.992441 0.462022 
0.057405 0.003860 0.491768 
0.004643 0.004643 0.004643 0.986072 
0.250000 0.250000 0.250000 0.250000 
 184
0.479817 0.003700 0.046210 
0.462778 0.992441 0.462022 
0.057405 0.003860 0.491768 
0.004643 0.986072 0.004643 0.004643 
0.250000 0.250000 0.250000 0.250000 
 185
0.479817 0.003700 0.046210 
0.462778 0.992441 0.462022 
0.057405 0.003860 0.491768 
0.004643 0.004643 0.971272 0.019443 
0.250000 0.250000 0.250000 0.250000 
 186
0.479817 0.003700 0.046210 
0.462778 0.992441 0.462022 
0.057405 0.003860 0.491768 
0.005171 0.004643 0.006585 0.983601 
0.250000 0.250000 0.250000 0.250000 
 187
0.479817 0.003700 0.046210 
0.462778 0.992441 0.462022 
0.057405 0.003860 0.491768 
0.985004 0.005711 0.004643 0.004643 
0.250000 0.250000 0.250000 0.250000 
 188
0.479817 0.003700 0.046210 
0.462778 0.992441 0.462022 
0.057405 0.003860 0.491768 
0.004643 0.004643 0.005566 0.985149 
0.250000 0.250000 0.250000 0.250000 
 189
0.479817 0.003700 0.046210 
0.462778 0.992441 0.462022 
0.057405 0.003860 0.491768 
0.983110 0.007605 0.004643 0.004643 
0.250000 0.250000 0.250000 0.250000 
 190
0.479817 0.003700 0.046210 
0.462778 0.992441 0.462022 
0.057405 0.003860 0.491768 
0.004643 0.004643 0.986072 0.004643 
0.250000 0.250000 0.250000 0.250000 
 191
0.479817 0.003700 0.046210 
0.462778 0.992441 0.462022 
0.057405 0.003860 0.491768 
0.004643 0.005665 0.005390 0.984303 
0.250000 0.250000 0.250000 0.250000 
 192
0.479817 0.003700 0.046210 
0.462778 0.992441 0.462022 
0.057405 0.003860 0.491768 
0.004643 0.986072 0.004643 0.004643 
0.250000 0.250000 0.250000 0.250000 
 193
0.479817 0.003700 0.046210 
0.462778 0.992441 0.462022 
0.057405 0.003860 0.491768 
0.985649 0.005066 0.004643 0.004643 
0.250000 0.250000 0.250000 0.250000 
 194
0.479817 0.003700 0.046210 
0.462778 0.992441 0.462022 
0.057405 0.003860 0.491768 
0.005188 0.004643 0.978409 0.011760 
0.250000 0.250000 0.250000 0.250000 
 195
0.479817 0.003700 0.046210 
0.462778 0.992441 0.462022 
0.057405 0.003860 0.491768 
0.985690 0.005024 0.004643 0.004643 
0.250000 0.250000 0.250000 0.250000 
 196
0.479817 0.003700 0.046210 
0.462778 0.992441 0.462022 
0.057405 0.003860 0.491768 
0.986072 0.004643 0.004643 0.004643 
0.250000 0.250000 0.250000 0.250000 
 197
0.479817 0.003700 0.046210 
0.462778 0.992441 0.462022 
0.057405 0.003860 0.491768 
0.985017 0.005698 0.004643 0.004643 
0.250000 0.250000 0.250000 0.250000 
 198
0.479817 0.003700 0.046210 
0.462778 0.992441 0.462022 
0.057405 0.003860 0.491768 
0.004643 0.004643 0.004643 0.986072 
0.250000 0.250000 0.250000 0.250000 
 199
0.479817 0.003700 0.046210 
0.462778 0.992441 0.462022 
0.057405 0.003860 0.491768 
0.004644 0.004644 0.004644 0.986068 
0.250000 0.250000 0.250000 0.250000 
 200
0.479817 0.003700 0.046210 
0.462778 0.992441 0.462022 
0.057405 0.003860 0.491768 
0.983936 0.006776 0.004644 0.004644 
0.250000 0.250000 0.250000 0.250000 
 201
0.479817 0.003700 0.046210 
0.462778 0.992441 0.462022 
0.057405 0.003860 0.491768 
0.985695 0.004644 0.004644 0.005017 
0.250000 0.250000 0.250000 0.250000 
 202
0.479817 0.003700 0.046210 
0.462778 0.992441 0.462022 
0.057405 0.003860 0.491768 
0.004644 0.004644 0.004644 0.986068 
0.250000 0.250000 0.250000 0.250000 
 203
0.479817 0.003700 0.046210 
0.462778 0.992441 0.462022 
0.057405 0.003860 0.491768 
0.986068 0.004644 0.004644 0.004644 
0.250000 0.250000 0.250000 0.250000 
 204
0.479817 0.003700 0.046210 
0.462778 0.992441 0.462022 
0.057405 0.003860 0.491768 
0.004644 0.004644 0.986068 0.004644 
0.250000 0.250000 0.250000 0.250000 
 205
0.479817 0.003700 0.046210 
0.462778 0.992441 0.462022 
0.057405 0.003860 0.491768 
0.985181 0.005031 0.004644 0.005144 
0.250000 0.250000 0.250000 0.250000 
 206
0.479817 0.003700 0.046210 
0.462778 0.992441 0.462022 
0.057405 0.003860 0.491768 
0.006921 0.983791 0.004644 0.004644 
0.250000 0.250000 0.250000 0.250000 
 207
0.479817 0.003700 0.046210 
0.462778 0.992441 0.462022 
0.057405 0.003860 0.491768 
0.004644 0.004644 0.004644 0.986068 
0.250000 0.250000 0.250000 0.250000 
 208
0.479817 0.003700 0.046210 
0.462778 0.992441 0.462022 
0.057405 0.003860 0.491768 
0.004644 0.004644 0.004644 0.986068 
0.250000 0.250000 0.250000 0.250000 
 209
0.479817 0.003700 0.046210 
0.462778 0.992441 0.462022 
0.057405 0.003860 0.491768 
0.974436 0.016276 0.004644 0.004644 
0.250000 0.250000 0.250000 0.250000 
 210
0.479817 0.003700 0.046210 
0.462778 0.992441 0.462022 
0.057405 0.003860 0.491768 
0.986068 0.004644 0.004644 0.004644 
0.250000 0.250000 0.250000 0.250000 
 211
0.479817 0.003700 0.046210 
0.462778 0.992441 0.462022 
0.057405 0.003860 0.491768 
0.004644 0.004644 0.986068 0.004644 
0.250000 0.250000 0.250000 0.250000 
 212
0.479817 0.003700 0.046210 
0.462778 0.992441 0.462022 
0.057405 0.003860 0.491768 
0.004644 0.005067 0.100527 0.889762 
0.250000 0.250000 0.250000 0.250000 
 213
0.479817 0.003700 0.046210 
0.462778 0.992441 0.462022 
0.057405 0.003860 0.491768 
0.986063 0.004646 0.004646 0.004646 
0.250000 0.250000 0.250000 0.250000 
 214
0.479817 0.003700 0.046210 
0.462778 0.992441 0.462022 
0.057405 0.003860 0.491768 
0.986063 0.004646 0.004646 0.004646 
0.250000 0.250000 0.250000 0.250000 
 215
0.479817 0.003700 0.046210 
0.462778 0.992441 0.462022 
0.057405 0.003860 0.491768 
0.004646 0.004646 0.008672 0.982037 
0.250000 0.250000 0.250000 0.250000 
 216
0.479817 0.003700 0.046210 
0.462778 0.992441 0.462022 
0.057405 0.003860 0.491768 
0.005995 0.984714 0.004646 0.004646 
0.250000 0.250000 0.250000 0.250000 
 217
0.479817 0.003700 0.046210 
0.462778 0.992441 0.462022 
0.057405 0.003860 0.491768 
0.004646 0.004646 0.986063 0.004646 
0.250000 0.250000 0.250000 0.250000 
 218
0.479817 0.003700 0.046210 
0.462778 0.992441 0.462022 
0.057405 0.003860 0.491768 
0.005096 0.005258 0.008714 0.980931 
0.250000 0.250000 0.250000 0.250000 
 219
0.479817 0.003700 0.046210 
0.462778 0.992441 0.462022 
0.057405 0.003860 0.491768 
0.004646 0.004646 0.004646 0.986063 
0.250000 0.250000 0.250000 0.250000 
 220
0.479817 0.003700 0.046210 
0.462778 0.992441 0.462022 
0.057405 0.003860 0.491768 
0.004646 0.004646 0.004646 0.986063 
0.250000 0.250000 0.250000 0.250000 
 221
0.479817 0.003700 0.046210 
0.462778 0.992441 0.462022 
0.057405 0.003860 0.491768 
0.082148 0.908556 0.004648 0.004648 
0.250000 0.250000 0.250000 0.250000 
 222
0.479817 0.003700 0.046210 
0.462778 0.992441 0.462022 
0.057405 0.003860 0.491768 
0.005008 0.985701 0.004646 0.004646 
0.250000 0.250000 0.250000 0.250000 
 223
0.479817 0.003700 0.046210 
0.462778 0.992441 0.462022 
0.057405 0.003860 0.491768 
0.004646 0.004646 0.986063 0.004646 
0.250000 0.250000 0.250000 0.250000 
 224
0.479817 0.003700 0.046210 
0.462778 0.992441 0.462022 
0.057405 0.003860 0.491768 
0.004646 0.004646 0.008266 0.982443 
0.250000 0.250000 0.250000 0.250000 
 225
0.479817 0.003700 0.046210 
0.462778 0.992441 0.462022 
0.057405 0.003860 0.491768 
0.986063 0.004646 0.004646 0.004646 
0.250000 0.250000 0.250000 0.250000 
 226
0.479817 0.003700 0.046210 
0.462778 0.992441 0.462022 
0.057405 0.003860 0.491768 
0.986063 0.004646 0.004646 0.004646 
0.250000 0.250000 0.250000 0.250000 
 227
0.479817 0.003700 0.046210 
0.462778 0.992441 0.462022 
0.057405 0.003860 0.491768 
0.235923 0.754786 0.004646 0.004646 
0.250000 0.250000 0.250000 0.250000 
 228
0.479817 0.003700 0.046210 
0.462778 0.992441 0.462022 
0.057405 0.003860 0.491768 
0.004646 0.985336 0.004646 0.005373 
0.250000 0.250000 0.250000 0.250000 
 229
0.479817 0.003700 0.046210 
0.462778 0.992441 0.462022 
0.057405 0.003860 0.491768 
0.004646 0.004646 0.986063 0.004646 
0.250000 0.250000 0.250000 0.250000 
 230
0.479817 0.003700 0.046210 
0.462778 0.992441 0.462022 
0.057405 0.003860 0.491768 
0.905866 0.082758 0.004646 0.006730 
0.250000 0.250000 0.250000 0.250000 
 231
0.479817 0.003700 0.046210 
0.462778 0.992441 0.462022 
0.057405 0.003860 0.491768 
0.005377 0.984894 0.004646 0.005083 
0.250000 0.250000 0.250000 0.250000 
 232
0.479817 0.003700 0.046210 
0.462778 0.992441 0.462022 
0.057405 0.003860 0.491768 
0.004646 0.004646 0.004646 0.986063 
0.250000 0.250000 0.250000 0.250000 
 233
0.479817 0.003700 0.046210 
0.462778 0.992441 0.462022 
0.057405 0.003860 0.491768 
0.004646 0.004961 0.008540 0.981854 
0.250000 0.250000 0.250000 0.250000 
 234
0.479817 0.003700 0.046210 
0.462778 0.992441 0.462022 
0.057405 0.003860 0.491768 
0.986063 0.004646 0.004646 0.004646 
0.250000 0.250000 0.250000 0.250000 
 235
0.479817 0.003700 0.046210 
0.462778 0.992441 0.462022 
0.057405 0.003860 0.491768 
0.004646 0.004646 0.004646 0.986063 
0.250000 0.250000 0.250000 0.250000 
 236
0.479817 0.003700 0.046210 
