%  SAM: /scicomp/groups-pure/sars2seq/prod/label/LABEL_RES/scripts/modelfromalign_Linux v3.5 (July 15, 2005) compiled 12/08/06_16:15:55
%  (c) 1992-2001 Regents of the University of California, Santa Cruz
%
%          Sequence Alignment and Modeling Software System
%         http://www.cse.ucsc.edu/research/compbio/sam.html
%
% ----------------- Citations (SAM, SAM-T2K, HMMs) --------------------
% R. Hughey, A. Krogh, Hidden Markov models for sequence analysis:
%  Extension and analysis of the basic method, CABIOS 12:95-107, 1996.
% K. Karplus, et al., What is the value added by human intervention in protein
%  structure prediction, Proteins: Stucture, Function, Genetics 45(S5):86--91, 2001.
% A. Krogh et al., Hidden Markov models in computational biology:
%  Applications to protein modeling, JMB 235:1501-1531, Feb 1994.
% ---------------------------------------------------------------------
%  RSVB_BDonly_test_hmm   Host: rosalind01.hpc.biotech.cdc.gov    Wed Jun 26 14:06:06 2024
%  ukc8                   Dir:  /scicomp/home-pure/ukc8/hmm_comparison
% ---------------------------------------------------------------------
%  Alignment weights from internal calc.  Total (70.14) Max (0.40) Min (0.01)
%  Weights from alignment method 1 (karplus), b=-1.000000, e=0.500000
MODEL --  Model from alignment file /scicomp/groups-pure/OID/NCIRD/CORVD/CRVLB/MIST/dev/dais-ribosome/alignments/no_outlier_BD_NONBD_alignments/BD_clean_5041seqs_ALIGNED.fas
alphabet DNA
FREQAVE
0.000000 0.000000 0.000000 
0.000000 0.000000 0.000000 
0.000000 0.000000 0.000000 
0.387019 0.158017 0.178763 0.276201 
0.387019 0.158017 0.178763 0.276201 
Begin
0.000000 0.000000 0.000000 
0.000000 0.000000 0.000000 
0.000000 0.003086 0.491768 
0.250000 0.250000 0.250000 0.250000 
0.250000 0.250000 0.250000 0.250000 
   1
0.000000 0.759344 0.046210 
0.000000 0.237570 0.462022 
0.003266 0.012668 0.491768 
0.862088 0.044762 0.041991 0.051159 
0.250000 0.250000 0.250000 0.250000 
   2
0.957143 0.012143 0.046210 
0.039591 0.975190 0.462022 
0.003310 0.012138 0.491768 
0.039146 0.036936 0.886981 0.036936 
0.250000 0.250000 0.250000 0.250000 
   3
0.954646 0.012401 0.046210 
0.042044 0.975461 0.462022 
0.003361 0.011592 0.491768 
0.037274 0.899356 0.031685 0.031685 
0.250000 0.250000 0.250000 0.250000 
   4
0.965423 0.014537 0.046210 
0.031216 0.973871 0.462022 
0.003371 0.011493 0.491768 
0.033209 0.030866 0.905059 0.030866 
0.250000 0.250000 0.250000 0.250000 
   5
0.959438 0.012983 0.046210 
0.037191 0.975524 0.462022 
0.003403 0.011191 0.491768 
0.028708 0.913875 0.028708 0.028708 
0.250000 0.250000 0.250000 0.250000 
   6
0.950584 0.010727 0.046210 
0.046013 0.978083 0.462022 
0.003467 0.010639 0.491768 
0.924582 0.025139 0.025139 0.025139 
0.250000 0.250000 0.250000 0.250000 
   7
0.963904 0.010198 0.046210 
0.032629 0.979164 0.462022 
0.003483 0.010510 0.491768 
0.922623 0.024360 0.028657 0.024360 
0.250000 0.250000 0.250000 0.250000 
   8
0.959511 0.010075 0.046210 
0.037006 0.979415 0.462022 
0.003515 0.010276 0.491768 
0.926752 0.025378 0.023060 0.024810 
0.250000 0.250000 0.250000 0.250000 
   9
0.957173 0.009850 0.046210 
0.039312 0.979875 0.462022 
0.003554 0.010003 0.491768 
0.928321 0.021652 0.028376 0.021652 
0.250000 0.250000 0.250000 0.250000 
  10
0.960439 0.009588 0.046210 
0.036008 0.980409 0.462022 
0.003580 0.009830 0.491768 
0.924728 0.020809 0.031562 0.022900 
0.250000 0.250000 0.250000 0.250000 
  11
0.963223 0.010747 0.046210 
0.033197 0.979423 0.462022 
0.003594 0.009745 0.491768 
0.932657 0.021745 0.021775 0.023823 
0.250000 0.250000 0.250000 0.250000 
  12
0.961673 0.009341 0.046210 
0.034733 0.980915 0.462022 
0.003614 0.009617 0.491768 
0.021236 0.022322 0.024367 0.932075 
0.250000 0.250000 0.250000 0.250000 
  13
0.942399 0.009218 0.046210 
0.053987 0.981165 0.462022 
0.003706 0.009106 0.491768 
0.017648 0.944124 0.017648 0.020580 
0.250000 0.250000 0.250000 0.250000 
  14
0.964118 0.015070 0.046210 
0.032176 0.975824 0.462022 
0.003704 0.009120 0.491768 
0.018888 0.017725 0.944657 0.018730 
0.250000 0.250000 0.250000 0.250000 
  15
0.957655 0.012726 0.046210 
0.038642 0.978154 0.462022 
0.003729 0.008991 0.491768 
0.020075 0.943780 0.018937 0.017208 
0.250000 0.250000 0.250000 0.250000 
  16
0.960311 0.009173 0.046210 
0.035959 0.981836 0.462022 
0.003750 0.008889 0.491768 
0.016814 0.016814 0.017709 0.948663 
0.250000 0.250000 0.250000 0.250000 
  17
0.960160 0.008520 0.046210 
0.036089 0.982591 0.462022 
0.003773 0.008785 0.491768 
0.946913 0.018941 0.016451 0.017695 
0.250000 0.250000 0.250000 0.250000 
  18
0.874492 0.008890 0.046210 
0.121736 0.982325 0.462022 
0.004151 0.007445 0.491768 
0.012715 0.012087 0.963111 0.012087 
0.250000 0.250000 0.250000 0.250000 
  19
0.958914 0.007136 0.046210 
0.036936 0.985419 0.462022 
0.004165 0.007406 0.491768 
0.013026 0.012058 0.014865 0.960050 
0.250000 0.250000 0.250000 0.250000 
  20
0.930067 0.007461 0.046210 
0.065768 0.985134 0.462022 
0.004303 0.007065 0.491768 
0.966118 0.011090 0.011090 0.011702 
0.250000 0.250000 0.250000 0.250000 
  21
0.957776 0.006772 0.046210 
0.037921 0.986163 0.462022 
0.004316 0.007033 0.491768 
0.011022 0.011022 0.966159 0.011797 
0.250000 0.250000 0.250000 0.250000 
  22
0.942475 0.006742 0.046210 
0.053209 0.986225 0.462022 
0.004397 0.006858 0.491768 
0.966828 0.011057 0.011057 0.011057 
0.250000 0.250000 0.250000 0.250000 
  23
0.944937 0.006574 0.046210 
0.050666 0.986567 0.462022 
0.004465 0.006723 0.491768 
0.969349 0.010217 0.010217 0.010217 
0.250000 0.250000 0.250000 0.250000 
  24
0.956530 0.006869 0.046210 
0.039005 0.986408 0.462022 
0.004477 0.006700 0.491768 
0.969545 0.010152 0.010152 0.010152 
0.250000 0.250000 0.250000 0.250000 
  25
0.954567 0.007060 0.046210 
0.040956 0.986239 0.462022 
0.004497 0.006663 0.491768 
0.010093 0.010093 0.969068 0.010746 
0.250000 0.250000 0.250000 0.250000 
  26
0.834758 0.006387 0.046210 
0.160745 0.986950 0.462022 
0.005136 0.005761 0.491768 
0.008040 0.008040 0.008040 0.975879 
0.250000 0.250000 0.250000 0.250000 
  27
0.952778 0.005522 0.046210 
0.042086 0.988716 0.462022 
0.005140 0.005757 0.491768 
0.008029 0.008029 0.008029 0.975912 
0.250000 0.250000 0.250000 0.250000 
  28
0.943363 0.005519 0.046210 
0.051497 0.988724 0.462022 
0.005192 0.005703 0.491768 
0.008376 0.975258 0.007917 0.008449 
0.250000 0.250000 0.250000 0.250000 
  29
0.951954 0.005764 0.046210 
0.042854 0.988533 0.462022 
0.005196 0.005699 0.491768 
0.007910 0.008531 0.973948 0.009611 
0.250000 0.250000 0.250000 0.250000 
  30
0.942115 0.005463 0.046210 
0.052689 0.988838 0.462022 
0.005252 0.005643 0.491768 
0.968783 0.007794 0.015629 0.007794 
0.250000 0.250000 0.250000 0.250000 
  31
0.951182 0.005409 0.046210 
0.043566 0.988949 0.462022 
0.005259 0.005636 0.491768 
0.007777 0.007777 0.969867 0.014579 
0.250000 0.250000 0.250000 0.250000 
  32
0.849611 0.005403 0.046210 
0.145130 0.988961 0.462022 
0.005861 0.005155 0.491768 
0.979055 0.007261 0.006842 0.006842 
0.250000 0.250000 0.250000 0.250000 
  33
0.940716 0.004941 0.046210 
0.053423 0.989905 0.462022 
0.005897 0.005131 0.491768 
0.008178 0.007333 0.971209 0.013280 
0.250000 0.250000 0.250000 0.250000 
  34
0.943644 0.004918 0.046210 
0.050458 0.989951 0.462022 
0.005915 0.005120 0.491768 
0.006791 0.008228 0.010574 0.974407 
0.250000 0.250000 0.250000 0.250000 
  35
0.939167 0.004908 0.046210 
0.054918 0.989972 0.462022 
0.005958 0.005093 0.491768 
0.006731 0.006731 0.974846 0.011691 
0.250000 0.250000 0.250000 0.250000 
  36
0.944816 0.004882 0.046210 
0.049227 0.990026 0.462022 
0.005965 0.005088 0.491768 
0.008203 0.976904 0.007264 0.007629 
0.250000 0.250000 0.250000 0.250000 
  37
0.919858 0.004877 0.046210 
0.074177 0.990034 0.462022 
0.006125 0.004994 0.491768 
0.920066 0.058869 0.014289 0.006776 
0.250000 0.250000 0.250000 0.250000 
  38
0.931852 0.004787 0.046210 
0.062024 0.990219 0.462022 
0.006203 0.004951 0.491768 
0.979256 0.007310 0.006572 0.006861 
0.250000 0.250000 0.250000 0.250000 
  39
0.912248 0.004745 0.046210 
0.081549 0.990304 0.462022 
0.006405 0.004847 0.491768 
0.981156 0.006281 0.006281 0.006281 
0.250000 0.250000 0.250000 0.250000 
  40
0.940074 0.004646 0.046210 
0.053520 0.990507 0.462022 
0.006417 0.004841 0.491768 
0.980824 0.006626 0.006275 0.006275 
0.250000 0.250000 0.250000 0.250000 
  41
0.939282 0.004641 0.046210 
0.054301 0.990518 0.462022 
0.006434 0.004833 0.491768 
0.980756 0.006722 0.006261 0.006261 
0.250000 0.250000 0.250000 0.250000 
  42
0.935847 0.004633 0.046210 
0.057719 0.990534 0.462022 
0.006472 0.004815 0.491768 
0.979160 0.008395 0.006222 0.006222 
0.250000 0.250000 0.250000 0.250000 
  43
0.932581 0.004616 0.046210 
0.060948 0.990569 0.462022 
0.006529 0.004789 0.491768 
0.980998 0.006650 0.006176 0.006176 
0.250000 0.250000 0.250000 0.250000 
  44
0.918342 0.577759 0.046210 
0.075129 0.417452 0.462022 
0.003440 0.010863 0.491768 
0.853842 0.048563 0.033646 0.063949 
0.250000 0.250000 0.250000 0.250000 
  45
0.443476 0.020615 0.046210 
0.553084 0.968522 0.462022 
0.007189 0.004530 0.491768 
0.005734 0.015635 0.007315 0.971316 
0.250000 0.250000 0.250000 0.250000 
  46
0.877345 0.004342 0.046210 
0.115465 0.991128 0.462022 
0.007628 0.004395 0.491768 
0.005504 0.983096 0.005895 0.005504 
0.250000 0.250000 0.250000 0.250000 
  47
0.888472 0.004442 0.046210 
0.103900 0.991164 0.462022 
0.007962 0.004306 0.491768 
0.005355 0.983935 0.005355 0.005355 
0.250000 0.250000 0.250000 0.250000 
  48
0.916540 0.004128 0.046210 
0.075499 0.991566 0.462022 
0.008053 0.004284 0.491768 
0.005324 0.983082 0.005324 0.006271 
0.250000 0.250000 0.250000 0.250000 
  49
0.882179 0.004106 0.046210 
0.109769 0.991609 0.462022 
0.008431 0.004199 0.491768 
0.005427 0.984211 0.005181 0.005181 
0.250000 0.250000 0.250000 0.250000 
  50
0.886888 0.004025 0.046210 
0.104681 0.991776 0.462022 
0.008752 0.004135 0.491768 
0.005090 0.009803 0.980017 0.005090 
0.250000 0.250000 0.250000 0.250000 
  51
0.894783 0.003963 0.046210 
0.096464 0.991902 0.462022 
0.008985 0.004092 0.491768 
0.982020 0.005019 0.007942 0.005019 
0.250000 0.250000 0.250000 0.250000 
  52
0.896227 0.003923 0.046210 
0.094788 0.991985 0.462022 
0.009191 0.004057 0.491768 
0.984271 0.004949 0.004949 0.005830 
0.250000 0.250000 0.250000 0.250000 
  53
0.868898 0.005745 0.046210 
0.121912 0.990198 0.462022 
0.009602 0.003993 0.491768 
0.985449 0.004850 0.004850 0.004850 
0.250000 0.250000 0.250000 0.250000 
  54
0.869948 0.003828 0.046210 
0.120450 0.992179 0.462022 
0.010034 0.003933 0.491768 
0.004763 0.005610 0.005010 0.984617 
0.250000 0.250000 0.250000 0.250000 
  55
0.896127 0.003770 0.046210 
0.093838 0.992296 0.462022 
0.010166 0.003916 0.491768 
0.984754 0.004733 0.005020 0.005493 
0.250000 0.250000 0.250000 0.250000 
  56
0.888161 0.004409 0.046210 
0.101673 0.991674 0.462022 
0.010349 0.003894 0.491768 
0.985131 0.004960 0.004701 0.005209 
0.250000 0.250000 0.250000 0.250000 
  57
0.710166 0.004065 0.046210 
0.279485 0.992041 0.462022 
0.012856 0.003666 0.491768 
0.007737 0.982950 0.004586 0.004726 
0.250000 0.250000 0.250000 0.250000 
  58
0.862810 0.004013 0.046210 
0.124334 0.992322 0.462022 
0.013100 0.003649 0.491768 
0.986505 0.004848 0.004323 0.004323 
0.250000 0.250000 0.250000 0.250000 
  59
0.877915 0.003498 0.046210 
0.108985 0.992853 0.462022 
0.013145 0.003646 0.491768 
0.982899 0.007601 0.004322 0.005178 
0.250000 0.250000 0.250000 0.250000 
  60
0.869748 0.003495 0.046210 
0.117108 0.992859 0.462022 
0.013293 0.003637 0.491768 
0.004852 0.004308 0.030887 0.959953 
0.250000 0.250000 0.250000 0.250000 
  61
0.877758 0.003486 0.046210 
0.108950 0.992877 0.462022 
0.013317 0.003635 0.491768 
0.004302 0.004302 0.004630 0.986766 
0.250000 0.250000 0.250000 0.250000 
  62
0.858733 0.003485 0.046210 
0.127951 0.992880 0.462022 
0.013597 0.003618 0.491768 
0.004874 0.004277 0.004277 0.986571 
0.250000 0.250000 0.250000 0.250000 
  63
0.856420 0.003669 0.046210 
0.129983 0.992713 0.462022 
0.013867 0.003602 0.491768 
0.006264 0.985229 0.004254 0.004254 
0.250000 0.250000 0.250000 0.250000 
  64
0.870814 0.003453 0.046210 
0.115320 0.992945 0.462022 
0.013916 0.003599 0.491768 
0.986119 0.004687 0.004946 0.004248 
0.250000 0.250000 0.250000 0.250000 
  65
0.861092 0.003450 0.046210 
0.124993 0.992951 0.462022 
0.014096 0.003589 0.491768 
0.006979 0.004234 0.005543 0.983244 
0.250000 0.250000 0.250000 0.250000 
  66
0.871374 0.003440 0.046210 
0.114529 0.992970 0.462022 
0.014109 0.003588 0.491768 
0.926077 0.065452 0.004235 0.004235 
0.250000 0.250000 0.250000 0.250000 
  67
0.866545 0.003620 0.046210 
0.119346 0.992792 0.462022 
0.014177 0.003585 0.491768 
0.986709 0.004838 0.004226 0.004226 
0.250000 0.250000 0.250000 0.250000 
  68
0.835904 0.003436 0.046210 
0.149919 0.992979 0.462022 
0.014700 0.003558 0.491768 
0.006901 0.981496 0.004186 0.007417 
0.250000 0.250000 0.250000 0.250000 
  69
0.865135 0.003410 0.046210 
0.120165 0.993032 0.462022 
0.014725 0.003556 0.491768 
0.004186 0.006899 0.004769 0.984146 
0.250000 0.250000 0.250000 0.250000 
  70
0.864640 0.005419 0.046210 
0.120635 0.991024 0.462022 
0.014610 0.003562 0.491768 
0.061654 0.929943 0.004202 0.004202 
0.250000 0.250000 0.250000 0.250000 
  71
0.853384 0.003415 0.046210 
0.132006 0.993023 0.462022 
0.014821 0.003552 0.491768 
0.014876 0.004184 0.966201 0.014739 
0.250000 0.250000 0.250000 0.250000 
  72
0.730861 0.003404 0.046210 
0.254318 0.993044 0.462022 
0.017130 0.003457 0.491768 
0.004046 0.004046 0.004839 0.987068 
0.250000 0.250000 0.250000 0.250000 
  73
0.819529 0.003314 0.046210 
0.163340 0.993230 0.462022 
0.017574 0.003442 0.491768 
0.987521 0.004431 0.004024 0.004024 
0.250000 0.250000 0.250000 0.250000 
  74
0.839240 0.003299 0.046210 
0.143186 0.993259 0.462022 
0.017601 0.003441 0.491768 
0.005115 0.006632 0.005347 0.982906 
0.250000 0.250000 0.250000 0.250000 
  75
0.840510 0.003298 0.046210 
0.141890 0.993260 0.462022 
0.017601 0.003441 0.491768 
0.004025 0.004025 0.004025 0.987926 
0.250000 0.250000 0.250000 0.250000 
  76
0.801879 0.003298 0.046210 
0.180521 0.993260 0.462022 
0.018308 0.003419 0.491768 
0.017301 0.003991 0.006006 0.972702 
0.250000 0.250000 0.250000 0.250000 
  77
0.820905 0.003277 0.046210 
0.160787 0.993303 0.462022 
0.018553 0.003412 0.491768 
0.987217 0.004818 0.003982 0.003982 
0.250000 0.250000 0.250000 0.250000 
  78
0.818209 0.003271 0.046210 
0.163238 0.993317 0.462022 
0.018810 0.003405 0.491768 
0.986748 0.004743 0.003973 0.004535 
0.250000 0.250000 0.250000 0.250000 
  79
0.822220 0.003264 0.046210 
0.158970 0.993331 0.462022 
0.018949 0.003401 0.491768 
0.010886 0.980621 0.003966 0.004527 
0.250000 0.250000 0.250000 0.250000 
  80
0.826583 0.003260 0.046210 
0.154468 0.993339 0.462022 
0.018981 0.003400 0.491768 
0.006183 0.003967 0.005452 0.984398 
0.250000 0.250000 0.250000 0.250000 
  81
0.826151 0.003259 0.046210 
0.154867 0.993341 0.462022 
0.019016 0.003399 0.491768 
0.004409 0.003965 0.985375 0.006252 
0.250000 0.250000 0.250000 0.250000 
  82
0.825466 0.003258 0.046210 
0.155518 0.993343 0.462022 
0.019059 0.003398 0.491768 
0.003964 0.003964 0.008489 0.983583 
0.250000 0.250000 0.250000 0.250000 
  83
0.827298 0.003257 0.046210 
0.153644 0.993345 0.462022 
0.019059 0.003398 0.491768 
0.979684 0.008285 0.004523 0.007508 
0.250000 0.250000 0.250000 0.250000 
  84
0.827298 0.003447 0.046210 
0.153644 0.993155 0.462022 
0.019035 0.003399 0.491768 
0.986554 0.005495 0.003976 0.003976 
0.250000 0.250000 0.250000 0.250000 
  85
0.825046 0.003258 0.046210 
0.155919 0.993344 0.462022 
0.019082 0.003397 0.491768 
0.003965 0.003965 0.969633 0.022437 
0.250000 0.250000 0.250000 0.250000 
  86
0.823308 0.003257 0.046210 
0.157610 0.993346 0.462022 
0.019154 0.003395 0.491768 
0.006124 0.003961 0.981157 0.008758 
0.250000 0.250000 0.250000 0.250000 
  87
0.824532 0.003255 0.046210 
0.156313 0.993350 0.462022 
0.019191 0.003394 0.491768 
0.003959 0.003959 0.024228 0.967855 
0.250000 0.250000 0.250000 0.250000 
  88
0.826101 0.003254 0.046210 
0.154708 0.993352 0.462022 
0.019191 0.003394 0.491768 
0.004245 0.003960 0.005062 0.986734 
0.250000 0.250000 0.250000 0.250000 
  89
0.826101 0.003254 0.046210 
0.154708 0.993352 0.462022 
0.019191 0.003394 0.491768 
0.003957 0.003957 0.004722 0.987363 
0.250000 0.250000 0.250000 0.250000 
  90
0.825046 0.003254 0.046210 
0.155763 0.993352 0.462022 
0.019211 0.003394 0.491768 
0.003960 0.003960 0.027258 0.964822 
0.250000 0.250000 0.250000 0.250000 
  91
0.824743 0.003253 0.046210 
0.156046 0.993353 0.462022 
0.019234 0.003393 0.491768 
0.006590 0.006523 0.025841 0.961046 
0.250000 0.250000 0.250000 0.250000 
  92
0.797330 0.003253 0.046210 
0.183436 0.993354 0.462022 
0.019795 0.003379 0.491768 
0.965435 0.010056 0.003936 0.020573 
0.250000 0.250000 0.250000 0.250000 
  93
0.770136 0.003239 0.046210 
0.210069 0.993382 0.462022 
0.020848 0.003354 0.491768 
0.988295 0.003902 0.003902 0.003902 
0.250000 0.250000 0.250000 0.250000 
  94
0.804423 0.003215 0.046210 
0.174729 0.993430 0.462022 
0.020988 0.003351 0.491768 
0.003898 0.003898 0.004072 0.988132 
0.250000 0.250000 0.250000 0.250000 
  95
0.806612 0.003212 0.046210 
0.172400 0.993436 0.462022 
0.021055 0.003350 0.491768 
0.009271 0.003895 0.981658 0.005176 
0.250000 0.250000 0.250000 0.250000 
  96
0.807767 0.003211 0.046210 
0.171178 0.993439 0.462022 
0.021086 0.003349 0.491768 
0.987263 0.004946 0.003895 0.003895 
0.250000 0.250000 0.250000 0.250000 
  97
0.711958 0.003210 0.046210 
0.266957 0.993440 0.462022 
0.023350 0.003306 0.491768 
0.005354 0.986678 0.003832 0.004136 
0.250000 0.250000 0.250000 0.250000 
  98
0.788412 0.003169 0.046210 
0.188238 0.993525 0.462022 
0.023350 0.003306 0.491768 
0.982132 0.006842 0.003833 0.007193 
0.250000 0.250000 0.250000 0.250000 
  99
0.788412 0.003169 0.046210 
0.188238 0.993525 0.462022 
0.023350 0.003306 0.491768 
0.988233 0.004091 0.003838 0.003838 
0.250000 0.250000 0.250000 0.250000 
 100
0.639282 0.003169 0.046210 
0.337369 0.993525 0.462022 
0.027442 0.003248 0.491768 
0.988742 0.003753 0.003753 0.003753 
0.250000 0.250000 0.250000 0.250000 
 101
0.750110 0.003113 0.046210 
0.222448 0.993639 0.462022 
0.027476 0.003247 0.491768 
0.004440 0.003752 0.003752 0.988056 
0.250000 0.250000 0.250000 0.250000 
 102
0.748053 0.003113 0.046210 
0.224471 0.993640 0.462022 
0.027558 0.003246 0.491768 
0.003748 0.988756 0.003748 0.003748 
0.250000 0.250000 0.250000 0.250000 
 103
0.741897 0.003112 0.046210 
0.230545 0.993642 0.462022 
0.027791 0.003244 0.491768 
0.006068 0.986442 0.003745 0.003745 
0.250000 0.250000 0.250000 0.250000 
 104
0.740651 0.003109 0.046210 
0.231558 0.993647 0.462022 
0.028001 0.003241 0.491768 
0.004186 0.988330 0.003742 0.003742 
0.250000 0.250000 0.250000 0.250000 
 105
0.690933 0.003107 0.046210 
0.281066 0.993652 0.462022 
0.029641 0.003224 0.491768 
0.008264 0.983810 0.003717 0.004209 
0.250000 0.250000 0.250000 0.250000 
 106
0.723803 0.003090 0.046210 
0.246556 0.993686 0.462022 
0.029868 0.003222 0.491768 
0.004220 0.003724 0.003724 0.988332 
0.250000 0.250000 0.250000 0.250000 
 107
0.703252 0.003088 0.046210 
0.266880 0.993690 0.462022 
0.030669 0.003214 0.491768 
0.004521 0.988061 0.003709 0.003709 
0.250000 0.250000 0.250000 0.250000 
 108
0.708648 0.003081 0.046210 
0.260684 0.993705 0.462022 
0.031087 0.003210 0.491768 
0.003707 0.003707 0.983340 0.009246 
0.250000 0.250000 0.250000 0.250000 
 109
0.714654 0.003077 0.046210 
0.254259 0.993713 0.462022 
0.031200 0.003209 0.491768 
0.988654 0.003936 0.003705 0.003705 
0.250000 0.250000 0.250000 0.250000 
 110
0.712509 0.003076 0.046210 
0.256290 0.993715 0.462022 
0.031350 0.003208 0.491768 
0.984136 0.008458 0.003703 0.003703 
0.250000 0.250000 0.250000 0.250000 
 111
0.715920 0.003075 0.046210 
0.252730 0.993718 0.462022 
0.031350 0.003208 0.491768 
0.003704 0.003704 0.004418 0.988174 
0.250000 0.250000 0.250000 0.250000 
 112
0.688393 0.003075 0.046210 
0.280257 0.993718 0.462022 
0.032237 0.003200 0.491768 
0.004096 0.003692 0.004252 0.987959 
0.250000 0.250000 0.250000 0.250000 
 113
0.706193 0.003067 0.046210 
0.261570 0.993733 0.462022 
0.032292 0.003200 0.491768 
0.003691 0.003691 0.988926 0.003691 
0.250000 0.250000 0.250000 0.250000 
 114
0.707386 0.003067 0.046210 
0.260323 0.993733 0.462022 
0.032292 0.003200 0.491768 
0.988625 0.003987 0.003694 0.003694 
0.250000 0.250000 0.250000 0.250000 
 115
0.707386 0.003067 0.046210 
0.260323 0.993733 0.462022 
0.032292 0.003200 0.491768 
0.003994 0.003695 0.985056 0.007255 
0.250000 0.250000 0.250000 0.250000 
 116
0.707386 0.003067 0.046210 
0.260323 0.993733 0.462022 
0.032292 0.003200 0.491768 
0.003694 0.003694 0.003694 0.988917 
0.250000 0.250000 0.250000 0.250000 
 117
0.646088 0.003067 0.046210 
0.321620 0.993733 0.462022 
0.034400 0.003183 0.491768 
0.005257 0.986381 0.004692 0.003671 
0.250000 0.250000 0.250000 0.250000 
 118
0.686362 0.003051 0.046210 
0.279238 0.993766 0.462022 
0.034466 0.003183 0.491768 
0.988740 0.003674 0.003674 0.003911 
0.250000 0.250000 0.250000 0.250000 
 119
0.686254 0.003051 0.046210 
0.279279 0.993767 0.462022 
0.034516 0.003182 0.491768 
0.003988 0.988671 0.003670 0.003670 
0.250000 0.250000 0.250000 0.250000 
 120
0.683667 0.003050 0.046210 
0.281818 0.993767 0.462022 
0.034639 0.003181 0.491768 
0.003668 0.003668 0.986683 0.005980 
0.250000 0.250000 0.250000 0.250000 
 121
0.686114 0.003050 0.046210 
0.279247 0.993769 0.462022 
0.034639 0.003181 0.491768 
0.986677 0.005991 0.003666 0.003666 
0.250000 0.250000 0.250000 0.250000 
 122
0.676356 0.003050 0.046210 
0.289005 0.993769 0.462022 
0.034980 0.003179 0.491768 
0.004524 0.003661 0.003661 0.988154 
0.250000 0.250000 0.250000 0.250000 
 123
0.681596 0.003047 0.046210 
0.283423 0.993774 0.462022 
0.035030 0.003179 0.491768 
0.004303 0.987702 0.003659 0.004336 
0.250000 0.250000 0.250000 0.250000 
 124
0.680792 0.003047 0.046210 
0.284178 0.993774 0.462022 
0.035093 0.003178 0.491768 
0.986773 0.005618 0.003659 0.003950 
0.250000 0.250000 0.250000 0.250000 
 125
0.682004 0.003046 0.046210 
0.282904 0.993775 0.462022 
0.035093 0.003178 0.491768 
0.003659 0.003659 0.003659 0.989024 
0.250000 0.250000 0.250000 0.250000 
 126
0.677901 0.003046 0.046210 
0.287006 0.993775 0.462022 
0.035237 0.003177 0.491768 
0.988348 0.003660 0.003959 0.004033 
0.250000 0.250000 0.250000 0.250000 
 127
0.679139 0.003046 0.046210 
0.285624 0.993777 0.462022 
0.035292 0.003177 0.491768 
0.989028 0.003657 0.003657 0.003657 
0.250000 0.250000 0.250000 0.250000 
 128
0.678779 0.003045 0.046210 
0.285929 0.993778 0.462022 
0.035342 0.003176 0.491768 
0.989022 0.003659 0.003659 0.003659 
0.250000 0.250000 0.250000 0.250000 
 129
0.678286 0.003045 0.046210 
0.286372 0.993779 0.462022 
0.035394 0.003176 0.491768 
0.008580 0.983942 0.003657 0.003821 
0.250000 0.250000 0.250000 0.250000 
 130
0.679275 0.003045 0.046210 
0.285331 0.993779 0.462022 
0.035394 0.003176 0.491768 
0.006562 0.986125 0.003656 0.003656 
0.250000 0.250000 0.250000 0.250000 
 131
0.679275 0.003045 0.046210 
0.285331 0.993779 0.462022 
0.035394 0.003176 0.491768 
0.003662 0.003662 0.003857 0.988819 
0.250000 0.250000 0.250000 0.250000 
 132
0.679275 0.003045 0.046210 
0.285331 0.993779 0.462022 
0.035394 0.003176 0.491768 
0.005125 0.004047 0.008498 0.982331 
0.250000 0.250000 0.250000 0.250000 
 133
0.679275 0.003045 0.046210 
0.285331 0.993779 0.462022 
0.035394 0.003176 0.491768 
0.988765 0.003912 0.003662 0.003662 
0.250000 0.250000 0.250000 0.250000 
 134
0.675823 0.003045 0.046210 
0.288784 0.993779 0.462022 
0.035516 0.003175 0.491768 
0.003657 0.989029 0.003657 0.003657 
0.250000 0.250000 0.250000 0.250000 
 135
0.676304 0.003044 0.046210 
0.288179 0.993781 0.462022 
0.035583 0.003175 0.491768 
0.987904 0.004782 0.003657 0.003657 
0.250000 0.250000 0.250000 0.250000 
 136
0.677564 0.003043 0.046210 
0.286853 0.993782 0.462022 
0.035583 0.003175 0.491768 
0.003657 0.003657 0.007826 0.984860 
0.250000 0.250000 0.250000 0.250000 
 137
0.673594 0.003043 0.046210 
0.290823 0.993782 0.462022 
0.035724 0.003174 0.491768 
0.003656 0.003656 0.003656 0.989033 
0.250000 0.250000 0.250000 0.250000 
 138
0.676279 0.003042 0.046210 
0.287996 0.993784 0.462022 
0.035724 0.003174 0.491768 
0.988371 0.004316 0.003656 0.003656 
0.250000 0.250000 0.250000 0.250000 
 139
0.676279 0.003042 0.046210 
0.287996 0.993784 0.462022 
0.035724 0.003174 0.491768 
0.003656 0.003656 0.989033 0.003656 
0.250000 0.250000 0.250000 0.250000 
 140
0.672399 0.003042 0.046210 
0.291877 0.993784 0.462022 
0.035864 0.003173 0.491768 
0.989037 0.003654 0.003654 0.003654 
0.250000 0.250000 0.250000 0.250000 
 141
0.675018 0.003041 0.046210 
0.289118 0.993786 0.462022 
0.035864 0.003173 0.491768 
0.988182 0.004508 0.003655 0.003655 
0.250000 0.250000 0.250000 0.250000 
 142
0.672868 0.003041 0.046210 
0.291269 0.993786 0.462022 
0.035941 0.003172 0.491768 
0.989037 0.003654 0.003654 0.003654 
0.250000 0.250000 0.250000 0.250000 
 143
0.674318 0.003041 0.046210 
0.289741 0.993787 0.462022 
0.035941 0.003172 0.491768 
0.989035 0.003655 0.003655 0.003655 
0.250000 0.250000 0.250000 0.250000 
 144
0.674318 0.003041 0.046210 
0.289741 0.993787 0.462022 
0.035941 0.003172 0.491768 
0.003655 0.003655 0.004088 0.988603 
0.250000 0.250000 0.250000 0.250000 
 145
0.674318 0.003041 0.046210 
0.289741 0.993787 0.462022 
0.035941 0.003172 0.491768 
0.003654 0.003654 0.004979 0.987714 
0.250000 0.250000 0.250000 0.250000 
 146
0.674318 0.003041 0.046210 
0.289741 0.993787 0.462022 
0.035941 0.003172 0.491768 
0.003655 0.003655 0.003655 0.989035 
0.250000 0.250000 0.250000 0.250000 
 147
0.674318 0.003041 0.046210 
0.289741 0.993787 0.462022 
0.035941 0.003172 0.491768 
0.145508 0.847180 0.003656 0.003656 
0.250000 0.250000 0.250000 0.250000 
 148
0.674318 0.003041 0.046210 
0.289741 0.993787 0.462022 
0.035941 0.003172 0.491768 
0.003657 0.003657 0.003818 0.988869 
0.250000 0.250000 0.250000 0.250000 
 149
0.674318 0.003041 0.046210 
0.289741 0.993787 0.462022 
0.035941 0.003172 0.491768 
0.003656 0.003656 0.003656 0.989031 
0.250000 0.250000 0.250000 0.250000 
 150
0.672433 0.003041 0.046210 
0.291626 0.993787 0.462022 
0.036009 0.003172 0.491768 
0.003655 0.003655 0.004825 0.987865 
0.250000 0.250000 0.250000 0.250000 
 151
0.671555 0.003041 0.046210 
0.292436 0.993787 0.462022 
0.036086 0.003172 0.491768 
0.003654 0.989038 0.003654 0.003654 
0.250000 0.250000 0.250000 0.250000 
 152
0.671086 0.003040 0.046210 
0.292828 0.993788 0.462022 
0.036156 0.003171 0.491768 
0.988418 0.004274 0.003654 0.003654 
0.250000 0.250000 0.250000 0.250000 
 153
0.672373 0.003040 0.046210 
0.291471 0.993789 0.462022 
0.036156 0.003171 0.491768 
0.003653 0.003653 0.153385 0.839308 
0.250000 0.250000 0.250000 0.250000 
 154
0.669111 0.003040 0.046210 
0.294733 0.993789 0.462022 
0.036274 0.003170 0.491768 
0.989044 0.003652 0.003652 0.003652 
0.250000 0.250000 0.250000 0.250000 
 155
0.671301 0.003039 0.046210 
0.292425 0.993791 0.462022 
0.036274 0.003170 0.491768 
0.988015 0.004442 0.003891 0.003652 
0.250000 0.250000 0.250000 0.250000 
 156
0.671301 0.003039 0.046210 
0.292425 0.993791 0.462022 
0.036274 0.003170 0.491768 
0.003652 0.003652 0.006301 0.986395 
0.250000 0.250000 0.250000 0.250000 
 157
0.671301 0.003039 0.046210 
0.292425 0.993791 0.462022 
0.036274 0.003170 0.491768 
0.003651 0.989048 0.003651 0.003651 
0.250000 0.250000 0.250000 0.250000 
 158
0.671301 0.003039 0.046210 
0.292425 0.993791 0.462022 
0.036274 0.003170 0.491768 
0.988666 0.003834 0.003848 0.003652 
0.250000 0.250000 0.250000 0.250000 
 159
0.671301 0.003039 0.046210 
0.292425 0.993791 0.462022 
0.036274 0.003170 0.491768 
0.003872 0.003653 0.892941 0.099535 
0.250000 0.250000 0.250000 0.250000 
 160
0.669372 0.003039 0.046210 
0.294354 0.993791 0.462022 
0.036344 0.003170 0.491768 
0.003651 0.989046 0.003651 0.003651 
0.250000 0.250000 0.250000 0.250000 
 161
0.670666 0.003038 0.046210 
0.292990 0.993792 0.462022 
0.036344 0.003170 0.491768 
0.989046 0.003651 0.003651 0.003651 
0.250000 0.250000 0.250000 0.250000 
 162
0.670666 0.003038 0.046210 
0.292990 0.993792 0.462022 
0.036344 0.003170 0.491768 
0.986488 0.005943 0.003651 0.003917 
0.250000 0.250000 0.250000 0.250000 
 163
0.667722 0.003038 0.046210 
0.295934 0.993792 0.462022 
0.036451 0.003169 0.491768 
0.004616 0.988087 0.003648 0.003648 
0.250000 0.250000 0.250000 0.250000 
 164
0.669693 0.003038 0.046210 
0.293855 0.993793 0.462022 
0.036451 0.003169 0.491768 
0.003649 0.003649 0.003649 0.989054 
0.250000 0.250000 0.250000 0.250000 
 165
0.666542 0.003038 0.046210 
0.297006 0.993793 0.462022 
0.036566 0.003168 0.491768 
0.988679 0.003648 0.003648 0.004025 
0.250000 0.250000 0.250000 0.250000 
 166
0.668649 0.003037 0.046210 
0.294784 0.993795 0.462022 
0.036566 0.003168 0.491768 
0.003650 0.989051 0.003650 0.003650 
0.250000 0.250000 0.250000 0.250000 
 167
0.668649 0.003037 0.046210 
0.294784 0.993795 0.462022 
0.036566 0.003168 0.491768 
0.003647 0.003647 0.989058 0.003647 
0.250000 0.250000 0.250000 0.250000 
 168
0.668649 0.003037 0.046210 
0.294784 0.993795 0.462022 
0.036566 0.003168 0.491768 
0.986325 0.006379 0.003648 0.003648 
0.250000 0.250000 0.250000 0.250000 
 169
0.668649 0.003037 0.046210 
0.294784 0.993795 0.462022 
0.036566 0.003168 0.491768 
0.004005 0.003649 0.026441 0.965906 
0.250000 0.250000 0.250000 0.250000 
 170
0.668649 0.003037 0.046210 
0.294784 0.993795 0.462022 
0.036566 0.003168 0.491768 
0.003649 0.003649 0.003649 0.989054 
0.250000 0.250000 0.250000 0.250000 
 171
0.663568 0.003037 0.046210 
0.299865 0.993795 0.462022 
0.036753 0.003167 0.491768 
0.004096 0.988610 0.003647 0.003647 
0.250000 0.250000 0.250000 0.250000 
 172
0.666957 0.003036 0.046210 
0.296290 0.993797 0.462022 
0.036753 0.003167 0.491768 
0.003646 0.003646 0.004684 0.988025 
0.250000 0.250000 0.250000 0.250000 
 173
0.666957 0.003036 0.046210 
0.296290 0.993797 0.462022 
0.036753 0.003167 0.491768 
0.003647 0.003647 0.003647 0.989059 
0.250000 0.250000 0.250000 0.250000 
 174
0.666957 0.003036 0.046210 
0.296290 0.993797 0.462022 
0.036753 0.003167 0.491768 
0.982641 0.010066 0.003647 0.003647 
0.250000 0.250000 0.250000 0.250000 
 175
0.666957 0.003036 0.046210 
0.296290 0.993797 0.462022 
0.036753 0.003167 0.491768 
0.989058 0.003647 0.003647 0.003647 
0.250000 0.250000 0.250000 0.250000 
 176
0.666957 0.003036 0.046210 
0.296290 0.993797 0.462022 
0.036753 0.003167 0.491768 
0.988835 0.003873 0.003646 0.003646 
0.250000 0.250000 0.250000 0.250000 
 177
0.666957 0.003036 0.046210 
0.296290 0.993797 0.462022 
0.036753 0.003167 0.491768 
0.928038 0.064671 0.003646 0.003646 
0.250000 0.250000 0.250000 0.250000 
 178
0.666957 0.003036 0.046210 
0.296290 0.993797 0.462022 
0.036753 0.003167 0.491768 
0.988828 0.003646 0.003646 0.003880 
0.250000 0.250000 0.250000 0.250000 
 179
0.666957 0.003036 0.046210 
0.296290 0.993797 0.462022 
0.036753 0.003167 0.491768 
0.003648 0.003648 0.003648 0.989056 
0.250000 0.250000 0.250000 0.250000 
 180
0.666957 0.003036 0.046210 
0.296290 0.993797 0.462022 
0.036753 0.003167 0.491768 
0.988240 0.004213 0.003647 0.003900 
0.250000 0.250000 0.250000 0.250000 
 181
0.666957 0.003036 0.046210 
0.296290 0.993797 0.462022 
0.036753 0.003167 0.491768 
0.988414 0.004291 0.003647 0.003647 
0.250000 0.250000 0.250000 0.250000 
 182
0.663904 0.003036 0.046210 
0.299342 0.993797 0.462022 
0.036866 0.003167 0.491768 
0.003646 0.003646 0.989062 0.003646 
0.250000 0.250000 0.250000 0.250000 
 183
0.664082 0.003035 0.046210 
0.299052 0.993798 0.462022 
0.036934 0.003166 0.491768 
0.988710 0.003643 0.003643 0.004005 
0.250000 0.250000 0.250000 0.250000 
 184
0.665316 0.003035 0.046210 
0.297749 0.993799 0.462022 
0.036934 0.003166 0.491768 
0.003645 0.003645 0.003645 0.989065 
0.250000 0.250000 0.250000 0.250000 
 185
0.665316 0.003035 0.046210 
0.297749 0.993799 0.462022 
0.036934 0.003166 0.491768 
0.003643 0.989070 0.003643 0.003643 
0.250000 0.250000 0.250000 0.250000 
 186
0.665316 0.003035 0.046210 
0.297749 0.993799 0.462022 
0.036934 0.003166 0.491768 
0.003643 0.003643 0.004939 0.987775 
0.250000 0.250000 0.250000 0.250000 
 187
0.665316 0.003035 0.046210 
0.297749 0.993799 0.462022 
0.036934 0.003166 0.491768 
0.003644 0.003644 0.005753 0.986959 
0.250000 0.250000 0.250000 0.250000 
 188
0.665316 0.003035 0.046210 
0.297749 0.993799 0.462022 
0.036934 0.003166 0.491768 
0.988015 0.004698 0.003643 0.003643 
0.250000 0.250000 0.250000 0.250000 
 189
0.639443 0.003035 0.046210 
0.323623 0.993799 0.462022 
0.037915 0.003160 0.491768 
0.003636 0.003636 0.006181 0.986547 
0.250000 0.250000 0.250000 0.250000 
 190
0.656427 0.003029 0.046210 
0.305658 0.993811 0.462022 
0.037915 0.003160 0.491768 
0.988560 0.004170 0.003635 0.003635 
0.250000 0.250000 0.250000 0.250000 
 191
0.656427 0.003029 0.046210 
0.305658 0.993811 0.462022 
0.037915 0.003160 0.491768 
0.003809 0.003636 0.988920 0.003636 
0.250000 0.250000 0.250000 0.250000 
 192
0.656427 0.003029 0.046210 
0.305658 0.993811 0.462022 
0.037915 0.003160 0.491768 
0.004341 0.004156 0.004851 0.986652 
0.250000 0.250000 0.250000 0.250000 
 193
0.656427 0.003029 0.046210 
0.305658 0.993811 0.462022 
0.037915 0.003160 0.491768 
0.005393 0.987327 0.003640 0.003640 
0.250000 0.250000 0.250000 0.250000 
 194
0.653892 0.003029 0.046210 
0.308193 0.993811 0.462022 
0.038012 0.003160 0.491768 
0.989083 0.003639 0.003639 0.003639 
0.250000 0.250000 0.250000 0.250000 
 195
0.655554 0.003029 0.046210 
0.306435 0.993812 0.462022 
0.038012 0.003160 0.491768 
0.004592 0.003639 0.980984 0.010785 
0.250000 0.250000 0.250000 0.250000 
 196
0.655554 0.003029 0.046210 
0.306435 0.993812 0.462022 
0.038012 0.003160 0.491768 
0.988792 0.003930 0.003639 0.003639 
0.250000 0.250000 0.250000 0.250000 
 197
0.655554 0.003029 0.046210 
0.306435 0.993812 0.462022 
0.038012 0.003160 0.491768 
0.988895 0.003823 0.003641 0.003641 
0.250000 0.250000 0.250000 0.250000 
 198
0.655554 0.003029 0.046210 
0.306435 0.993812 0.462022 
0.038012 0.003160 0.491768 
0.987855 0.004355 0.004151 0.003638 
0.250000 0.250000 0.250000 0.250000 
 199
0.655554 0.003029 0.046210 
0.306435 0.993812 0.462022 
0.038012 0.003160 0.491768 
0.003638 0.004012 0.005283 0.987067 
0.250000 0.250000 0.250000 0.250000 
 200
0.655554 0.003029 0.046210 
0.306435 0.993812 0.462022 
0.038012 0.003160 0.491768 
0.003639 0.003639 0.003639 0.989083 
0.250000 0.250000 0.250000 0.250000 
 201
0.655554 0.003029 0.046210 
0.306435 0.993812 0.462022 
0.038012 0.003160 0.491768 
0.988731 0.003991 0.003639 0.003639 
0.250000 0.250000 0.250000 0.250000 
 202
0.655554 0.003029 0.046210 
0.306435 0.993812 0.462022 
0.038012 0.003160 0.491768 
0.989080 0.003640 0.003640 0.003640 
0.250000 0.250000 0.250000 0.250000 
 203
0.655554 0.003029 0.046210 
0.306435 0.993812 0.462022 
0.038012 0.003160 0.491768 
0.003641 0.003641 0.003641 0.989077 
0.250000 0.250000 0.250000 0.250000 
 204
0.655554 0.003029 0.046210 
0.306435 0.993812 0.462022 
0.038012 0.003160 0.491768 
0.004053 0.003642 0.004170 0.988134 
0.250000 0.250000 0.250000 0.250000 
 205
0.655554 0.003029 0.046210 
0.306435 0.993812 0.462022 
0.038012 0.003160 0.491768 
0.003642 0.003642 0.987115 0.005600 
0.250000 0.250000 0.250000 0.250000 
 206
0.655554 0.003029 0.046210 
0.306435 0.993812 0.462022 
0.038012 0.003160 0.491768 
0.003644 0.003644 0.003810 0.988902 
0.250000 0.250000 0.250000 0.250000 
 207
0.655554 0.003029 0.046210 
0.306435 0.993812 0.462022 
0.038012 0.003160 0.491768 
0.003890 0.003644 0.004945 0.987521 
0.250000 0.250000 0.250000 0.250000 
 208
0.653059 0.003029 0.046210 
0.308929 0.993812 0.462022 
0.038107 0.003159 0.491768 
0.003642 0.003642 0.986116 0.006600 
0.250000 0.250000 0.250000 0.250000 
 209
0.654692 0.003028 0.046210 
0.307201 0.993813 0.462022 
0.038107 0.003159 0.491768 
0.003644 0.003644 0.003644 0.989069 
0.250000 0.250000 0.250000 0.250000 
 210
0.654692 0.003028 0.046210 
0.307201 0.993813 0.462022 
0.038107 0.003159 0.491768 
0.017671 0.974386 0.003643 0.004300 
0.250000 0.250000 0.250000 0.250000 
 211
0.654692 0.003028 0.046210 
0.307201 0.993813 0.462022 
0.038107 0.003159 0.491768 
0.989071 0.003643 0.003643 0.003643 
0.250000 0.250000 0.250000 0.250000 
 212
0.654692 0.003028 0.046210 
0.307201 0.993813 0.462022 
0.038107 0.003159 0.491768 
0.003643 0.003643 0.989071 0.003643 
0.250000 0.250000 0.250000 0.250000 
 213
0.652665 0.003028 0.046210 
0.309229 0.993813 0.462022 
0.038184 0.003159 0.491768 
0.003641 0.003641 0.005551 0.987168 
0.250000 0.250000 0.250000 0.250000 
 214
0.653991 0.003028 0.046210 
0.307825 0.993814 0.462022 
0.038184 0.003159 0.491768 
0.988882 0.003830 0.003644 0.003644 
0.250000 0.250000 0.250000 0.250000 
 215
0.653991 0.003028 0.046210 
0.307825 0.993814 0.462022 
0.038184 0.003159 0.491768 
0.989062 0.003646 0.003646 0.003646 
0.250000 0.250000 0.250000 0.250000 
 216
0.653991 0.003028 0.046210 
0.307825 0.993814 0.462022 
0.038184 0.003159 0.491768 
0.003645 0.003645 0.004273 0.988437 
0.250000 0.250000 0.250000 0.250000 
 217
0.652104 0.003028 0.046210 
0.309712 0.993814 0.462022 
0.038256 0.003158 0.491768 
0.005502 0.987211 0.003644 0.003644 
0.250000 0.250000 0.250000 0.250000 
 218
0.653337 0.003027 0.046210 
0.308407 0.993815 0.462022 
0.038256 0.003158 0.491768 
0.003645 0.003645 0.989066 0.003645 
0.250000 0.250000 0.250000 0.250000 
 219
0.653337 0.003027 0.046210 
0.308407 0.993815 0.462022 
0.038256 0.003158 0.491768 
0.987742 0.004965 0.003646 0.003646 
0.250000 0.250000 0.250000 0.250000 
 220
0.653337 0.003027 0.046210 
0.308407 0.993815 0.462022 
0.038256 0.003158 0.491768 
0.003645 0.003645 0.004441 0.988269 
0.250000 0.250000 0.250000 0.250000 
 221
0.653337 0.003027 0.046210 
0.308407 0.993815 0.462022 
0.038256 0.003158 0.491768 
0.003646 0.003646 0.003646 0.989062 
0.250000 0.250000 0.250000 0.250000 
 222
0.651644 0.003027 0.046210 
0.310100 0.993815 0.462022 
0.038321 0.003158 0.491768 
0.978814 0.013894 0.003646 0.003646 
0.250000 0.250000 0.250000 0.250000 
 223
0.652749 0.003027 0.046210 
0.308930 0.993815 0.462022 
0.038321 0.003158 0.491768 
0.003872 0.988837 0.003646 0.003646 
0.250000 0.250000 0.250000 0.250000 
 224
0.652749 0.003027 0.046210 
0.308930 0.993815 0.462022 
0.038321 0.003158 0.491768 
0.003646 0.003646 0.988285 0.004423 
0.250000 0.250000 0.250000 0.250000 
 225
0.652749 0.003027 0.046210 
0.308930 0.993815 0.462022 
0.038321 0.003158 0.491768 
0.003989 0.003646 0.952458 0.039906 
0.250000 0.250000 0.250000 0.250000 
 226
0.652749 0.003027 0.046210 
0.308930 0.993815 0.462022 
0.038321 0.003158 0.491768 
0.989064 0.003645 0.003645 0.003645 
0.250000 0.250000 0.250000 0.250000 
 227
0.652749 0.003027 0.046210 
0.308930 0.993815 0.462022 
0.038321 0.003158 0.491768 
0.989064 0.003645 0.003645 0.003645 
0.250000 0.250000 0.250000 0.250000 
 228
0.652749 0.003027 0.046210 
0.308930 0.993815 0.462022 
0.038321 0.003158 0.491768 
0.983639 0.009067 0.003647 0.003647 
0.250000 0.250000 0.250000 0.250000 
 229
0.652749 0.003027 0.046210 
0.308930 0.993815 0.462022 
0.038321 0.003158 0.491768 
0.003648 0.988195 0.003648 0.004508 
0.250000 0.250000 0.250000 0.250000 
 230
0.652749 0.003027 0.046210 
0.308930 0.993815 0.462022 
0.038321 0.003158 0.491768 
0.004625 0.003648 0.988079 0.003648 
0.250000 0.250000 0.250000 0.250000 
 231
0.652749 0.003027 0.046210 
0.308930 0.993815 0.462022 
0.038321 0.003158 0.491768 
0.986646 0.004298 0.003649 0.005408 
0.250000 0.250000 0.250000 0.250000 
 232
0.642087 0.003027 0.046210 
0.319592 0.993815 0.462022 
0.038734 0.003155 0.491768 
0.989038 0.003654 0.003654 0.003654 
0.250000 0.250000 0.250000 0.250000 
 233
0.638566 0.003025 0.046210 
0.322700 0.993820 0.462022 
0.039143 0.003153 0.491768 
0.003652 0.003652 0.988864 0.003833 
0.250000 0.250000 0.250000 0.250000 
 234
0.643206 0.003022 0.046210 
0.317651 0.993824 0.462022 
0.039225 0.003153 0.491768 
0.986892 0.005808 0.003650 0.003650 
0.250000 0.250000 0.250000 0.250000 
 235
0.642190 0.003022 0.046210 
